LPCAND -0.142857 [5162, 434, 4993, 5904, 5193, 916, 2768, 944, 4171]
LPCAND -0.142857 [5162, 434, 4993, 5904, 5193, 916, 2736, 976, 4171]
LPCAND -0.2 [4202, 2449, 4742, 3604, 1101, 2960, 2960, 2768, 5131]
LPCAND -0.25 [4394, 2449, 4742, 3728, 1101, 2960, 2836, 2960, 5131]
LPCAND -0.333333 [4390, 2708, 2698, 2960, 1101, 2768, 4784, 2353, 4171]
LPCAND -0.333333 [4135, 2960, 2698, 692, 1321, 6320, 2708, 2609, 4426]
LPCAND -0.333333 [1420, 541, 7201, 4514, 2588, 696, 1473, 6676, 668]
LPCAND -0.5 [6306, 541, 7328, 2273, 1564, 4636, 5379, 542, 4636]
LPCAND -1 [3296, 542, 2211, 2273, 1564, 541, 5379, 604, 541]
LPCAND -1 [3296, 542, 2273, 2211, 1564, 604, 5379, 541, 541]
LPCAND -1 [7328, 542, 3296, 2274, 796, 4636, 5379, 604, 796]
LPCAND -1 [2273, 668, 3296, 3296, 604, 604, 4483, 541, 1564]
LPCAND -1 [2273, 604, 3296, 3296, 2588, 541, 6403, 604, 1564]
LPCAND -1 [6368, 2588, 6592, 6496, 2588, 542, 1315, 668, 542]
