1926 3017 3532 3726 3822 3842 3844 3874
1926 3017 3532 3739 3810 3840 3849 3870
1926 3017 3533 3726 3823 3838 3844 3876
1926 3017 3533 3740 3823 3834 3844 3866
1926 3017 3534 3726 3822 3838 3859 3861
1926 3017 3534 3740 3824 3834 3856 3869
1926 3017 3535 3734 3810 3840 3859 3862
1926 3017 3535 3734 3823 3828 3844 3876
1926 3017 3536 3739 3823 3838 3851 3870
1926 3018 3532 3739 3810 3831 3857 3870
1926 3018 3533 3739 3816 3827 3859 3865
1926 3018 3533 3740 3823 3833 3848 3862
1926 3018 3534 3733 3810 3842 3845 3875
1926 3018 3535 3733 3810 3842 3857 3862
1926 3018 3535 3735 3810 3842 3852 3865
1926 3018 3535 3737 3816 3842 3844 3865
1926 3018 3536 3733 3824 3827 3857 3862
1926 3018 3536 3735 3823 3827 3848 3870
1926 3018 3536 3735 3824 3827 3852 3865
1926 3018 3536 3739 3823 3833 3855 3870
1926 3019 3521 3740 3819 3840 3856 3862
1926 3019 3528 3739 3810 3842 3845 3874
1926 3019 3528 3740 3824 3828 3844 3874
1926 3019 3531 3726 3810 3842 3855 3874
1926 3019 3533 3740 3811 3837 3851 3866
1926 3019 3533 3740 3815 3840 3848 3862
1926 3019 3534 3726 3819 3827 3856 3876
1926 3019 3534 3729 3822 3842 3845 3866
1926 3019 3534 3740 3819 3828 3851 3866
1926 3019 3535 3725 3822 3837 3849 3870
1926 3019 3535 3730 3822 3842 3844 3865
1926 3019 3536 3739 3815 3840 3855 3870
1926 3020 3525 3739 3823 3827 3856 3867
1926 3020 3534 3726 3821 3831 3856 3869
1926 3020 3534 3729 3821 3828 3859 3866
1926 3020 3534 3737 3815 3831 3845 3875
1926 3020 3535 3735 3810 3831 3852 3874
1926 3020 3535 3735 3811 3831 3856 3869
1926 3020 3535 3735 3815 3828 3859 3865
1926 3020 3535 3737 3815 3831 3857 3862
1926 3020 3535 3737 3816 3831 3844 3874
1926 3020 3536 3725 3821 3837 3852 3866
1926 3020 3536 3733 3811 3838 3844 3875
1926 3020 3536 3735 3811 3838 3848 3869
1926 3021 3522 3734 3810 3840 3855 3875
1926 3021 3533 3725 3816 3838 3848 3876
1926 3021 3533 3726 3815 3840 3855 3867
1926 3021 3533 3726 3821 3831 3851 3874
1926 3021 3535 3725 3819 3834 3856 3867
1926 3021 3535 3730 3822 3831 3857 3861
1926 3021 3536 3730 3821 3840 3848 3861
1926 3022 3521 3735 3822 3831 3852 3874
1926 3022 3525 3735 3810 3840 3859 3866
1926 3022 3525 3739 3822 3833 3859 3874
1926 3022 3525 3739 3823 3833 3856 3876
1926 3022 3531 3729 3823 3828 3849 3875
1926 3022 3534 3733 3810 3834 3849 3875
1926 3022 3534 3737 3815 3834 3848 3867
1926 3022 3534 3737 3816 3831 3851 3866
1926 3022 3536 3730 3823 3837 3851 3875
1926 3022 3536 3733 3816 3840 3844 3866
1926 3023 3521 3733 3821 3840 3849 3870
1926 3023 3521 3734 3821 3834 3859 3865
1926 3023 3521 3734 3823 3834 3855 3867
1926 3023 3522 3734 3821 3840 3848 3869
1926 3023 3528 3725 3821 3842 3852 3866
1926 3023 3528 3725 3824 3838 3852 3867
1926 3023 3528 3734 3811 3827 3859 3875
1926 3023 3528 3740 3824 3833 3852 3874
1926 3023 3532 3725 3819 3834 3849 3875
1926 3023 3532 3734 3811 3831 3851 3875
1926 3023 3532 3734 3811 3833 3848 3876
1926 3023 3535 3733 3816 3840 3849 3861
1926 3023 3535 3733 3816 3842 3851 3874
1926 3024 3521 3734 3822 3837 3852 3867
1926 3024 3528 3735 3810 3842 3852 3866
1926 3024 3528 3735 3824 3828 3849 3869
1926 3024 3528 3737 3816 3842 3844 3866
1926 3024 3528 3737 3824 3833 3849 3862
1926 3024 3528 3739 3816 3842 3856 3869
1926 3024 3531 3734 3810 3831 3852 3875
1926 3025 3528 3735 3811 3838 3859 3861
1926 3025 3528 3735 3823 3827 3849 3870
1926 3025 3531 3725 3819 3838 3852 3867
1926 3025 3531 3729 3821 3842 3852 3874
1926 3025 3531 3734 3816 3827 3859 3865
1926 3025 3531 3740 3819 3833 3852 3874
1926 3025 3532 3730 3819 3840 3844 3867
1926 3025 3532 3734 3811 3837 3851 3867
1926 3025 3534 3733 3821 3834 3849 3861
1926 3026 3531 3734 3821 3828 3848 3869
1926 3026 3531 3737 3816 3838 3848 3861
1926 3026 3531 3737 3819 3833 3845 3866
1926 3026 3532 3734 3822 3833 3848 3862
1926 3026 3532 3735 3819 3828 3851 3866
1926 3026 3533 3733 3821 3834 3844 3866
1926 3026 3535 3735 3819 3834 3856 3869
1927 3013 3533 3739 3821 3834 3859 3874
1927 3013 3535 3735 3822 3842 3852 3874
1927 3018 3522 3737 3824 3827 3857 3871
1927 3018 3532 3726 3810 3842 3857 3871
1927 3018 3533 3739 3811 3833 3859 3863
1927 3018 3533 3740 3811 3835 3844 3875
1927 3018 3534 3726 3821 3842 3846 3869
1927 3018 3535 3735 3810 3829 3859 3870
1927 3018 3535 3735 3811 3842 3846 3869
1927 3018 3536 3735 3824 3829 3845 3869
1927 3018 3536 3739 3821 3829 3852 3861
1927 3019 3522 3739 3822 3827 3853 3874
1927 3019 3531 3725 3824 3828 3849 3863
1927 3019 3533 3739 3815 3829 3845 3876
1927 3019 3533 3740 3812 3834 3844 3874
1927 3019 3534 3726 3810 3838 3853 3876
1927 3019 3534 3730 3824 3827 3846 3876
1927 3019 3534 3740 3810 3834 3853 3866
1927 3019 3534 3740 3812 3834 3856 3861
1927 3019 3535 3725 3817 3842 3856 3862
1927 3019 3536 3730 3824 3840 3844 3863
1927 3020 3521 3735 3823 3828 3849 3863
1927 3020 3521 3737 3821 3829 3849 3862
1927 3020 3522 3735 3823 3827 3846 3866
1927 3020 3522 3737 3821 3829 3844 3866
1927 3020 3522 3739 3821 3829 3856 3869
1927 3020 3522 3739 3823 3833 3856 3863
1927 3020 3526 3740 3823 3828 3844 3875
1927 3020 3534 3727 3810 3838 3852 3875
1927 3020 3535 3727 3823 3833 3856 3862
1927 3020 3535 3737 3811 3833 3849 3871
1927 3020 3536 3726 3821 3835 3844 3874
1927 3020 3536 3735 3812 3827 3852 3874
1927 3021 3521 3727 3821 3840 3856 3870
1927 3021 3521 3727 3822 3838 3857 3870
1927 3021 3521 3730 3822 3842 3857 3863
1927 3021 3521 3731 3822 3842 3845 3874
1927 3021 3521 3734 3822 3829 3845 3867
1927 3021 3522 3725 3822 3838 3853 3875
1927 3021 3526 3725 3822 3842 3845 3875
1927 3021 3533 3727 3811 3838 3851 3875
1927 3021 3533 3727 3815 3840 3845 3875
1927 3021 3533 3730 3812 3827 3857 3876
1927 3021 3533 3740 3816 3829 3851 3866
1927 3021 3535 3727 3816 3840 3856 3861
1927 3021 3535 3730 3810 3840 3853 3867
1927 3021 3535 3731 3810 3840 3849 3870
1927 3021 3535 3734 3811 3833 3846 3876
1927 3021 3536 3725 3821 3834 3853 3866
1927 3021 3536 3726 3817 3838 3857 3861
1927 3022 3521 3735 3811 3835 3856 3876
1927 3022 3521 3735 3817 3828 3859 3874
1927 3022 3521 3737 3816 3840 3849 3871
1927 3022 3522 3735 3812 3840 3856 3869
1927 3022 3526 3739 3810 3840 3852 3867
1927 3022 3526 3739 3823 3828 3851 3867
1927 3022 3531 3730 3810 3829 3859 3875
1927 3022 3534 3727 3822 3833 3852 3866
1927 3022 3534 3731 3810 3834 3859 3866
1927 3022 3536 3731 3823 3834 3844 3866
1927 3022 3536 3735 3811 3835 3851 3866
1927 3022 3536 3739 3816 3835 3851 3874
1927 3022 3536 3739 3817 3833 3852 3874
1927 3023 3521 3734 3816 3840 3859 3863
1927 3023 3521 3734 3821 3829 3852 3876
1927 3023 3526 3726 3821 3840 3859 3861
1927 3023 3526 3740 3824 3834 3857 3869
1927 3023 3532 3726 3815 3840 3853 3867
1927 3023 3532 3730 3824 3829 3851 3867
1927 3023 3532 3731 3811 3842 3851 3866
1927 3023 3535 3730 3817 3842 3857 3869
1927 3023 3535 3730 3823 3833 3853 3876
1927 3023 3535 3731 3815 3840 3859 3870
1927 3023 3535 3731 3823 3834 3849 3861
1927 3023 3535 3734 3811 3835 3851 3867
1927 3024 3521 3735 3822 3835 3849 3870
1927 3024 3522 3734 3822 3835 3844 3875
1927 3024 3526 3737 3824 3834 3844 3867
1927 3024 3526 3739 3822 3833 3859 3870
1927 3024 3531 3731 3810 3842 3852 3866
1927 3024 3531 3731 3824 3828 3849 3869
1927 3024 3531 3737 3812 3833 3849 3870
1927 3024 3533 3735 3812 3834 3849 3869
1927 3025 3531 3725 3821 3835 3849 3870
1927 3025 3531 3730 3821 3829 3859 3861
1927 3025 3531 3730 3823 3827 3853 3867
1927 3025 3531 3731 3811 3838 3859 3861
1927 3025 3531 3731 3823 3827 3849 3870
1927 3025 3531 3734 3811 3833 3859 3863
1927 3025 3531 3740 3815 3835 3857 3870
1927 3025 3532 3734 3816 3829 3844 3876
1927 3025 3534 3734 3817 3827 3852 3867
1927 3026 3531 3726 3821 3835 3856 3861
1927 3026 3531 3734 3810 3835 3845 3875
1927 3026 3531 3737 3816 3827 3853 3866
1927 3026 3532 3734 3817 3828 3844 3875
1927 3026 3532 3735 3810 3834 3853 3866
1927 3026 3532 3735 3812 3834 3856 3861
1927 3026 3532 3739 3817 3833 3856 3870
1927 3026 3533 3735 3817 3827 3852 3866
1927 3026 3535 3734 3822 3833 3852 3871
1928 3013 3533 3735 3823 3830 3845 3876
1928 3013 3533 3739 3818 3840 3845 3867
1928 3013 3533 3740 3823 3834 3854 3875
1928 3013 3534 3740 3822 3836 3852 3875
1928 3014 3532 3739 3810 3840 3853 3867
1928 3014 3535 3735 3822 3829 3859 3861
1928 3014 3536 3739 3821 3840 3853 3869
1928 3019 3521 3740 3822 3829 3854 3870
1928 3019 3524 3740 3824 3840 3846 3862
1928 3019 3531 3725 3812 3842 3845 3864
1928 3019 3531 3740 3811 3830 3846 3861
1928 3019 3533 3726 3813 3840 3844 3863
1928 3019 3533 3740 3811 3830 3851 3871
1928 3019 3534 3727 3822 3830 3845 3861
1928 3019 3535 3727 3810 3840 3854 3870
1928 3019 3536 3725 3824 3834 3854 3863
1928 3019 3536 3739 3811 3836 3851 3863
1928 3020 3521 3740 3818 3828 3857 3871
1928 3020 3532 3725 3812 3828 3854 3867
1928 3020 3532 3726 3810 3829 3854 3867
1928 3020 3532 3727 3810 3830 3857 3862
1928 3020 3534 3726 3818 3827 3846 3867
1928 3020 3534 3740 3812 3833 3852 3864
1928 3020 3534 3740 3816 3830 3846 3869
1928 3020 3536 3725 3821 3830 3852 3871
1928 3020 3536 3726 3818 3827 3857 3871
1928 3020 3536 3726 3821 3829 3854 3869
1928 3020 3536 3726 3823 3833 3854 3863
1928 3021 3521 3740 3816 3840 3853 3864
1928 3021 3524 3726 3822 3842 3857 3863
1928 3021 3533 3725 3817 3830 3845 3867
1928 3021 3535 3725 3816 3836 3846 3876
1928 3021 3535 3731 3811 3842 3851 3864
1928 3021 3536 3725 3817 3836 3845 3875
1928 3021 3536 3732 3811 3827 3853 3875
1928 3021 3536 3732 3812 3827 3857 3870
1928 3022 3521 3731 3823 3828 3854 3876
1928 3022 3521 3737 3813 3834 3857 3871
1928 3022 3521 3737 3816 3829 3854 3876
1928 3022 3522 3725 3822 3835 3854 3875
1928 3022 3524 3739 3822 3829 3852 3867
1928 3022 3524 3739 3823 3834 3846 3867
1928 3022 3527 3726 3810 3840 3859 3871
1928 3022 3527 3739 3810 3829 3852 3876
1928 3022 3534 3726 3817 3833 3859 3864
1928 3022 3534 3726 3818 3833 3846 3876
1928 3022 3534 3727 3818 3828 3851 3875
1928 3022 3534 3731 3810 3830 3852 3876
1928 3022 3536 3731 3823 3830 3851 3862
1928 3022 3536 3732 3811 3835 3844 3875
1928 3023 3521 3731 3823 3836 3845 3876
1928 3023 3521 3732 3821 3829 3859 3870
1928 3023 3522 3732 3823 3827 3853 3875
1928 3023 3524 3740 3823 3834 3853 3875
1928 3023 3527 3725 3824 3834 3859 3863
1928 3023 3527 3725 3824 3835 3845 3876
1928 3023 3527 3726 3823 3827 3853 3876
1928 3023 3527 3726 3823 3842 3851 3863
1928 3023 3527 3727 3824 3840 3845 3869
1928 3023 3527 3740 3812 3840 3852 3861
1928 3023 3532 3725 3813 3834 3853 3875
1928 3023 3532 3725 3816 3830 3853 3876
1928 3023 3532 3727 3811 3836 3851 3875
1928 3023 3535 3725 3817 3836 3852 3867
1928 3023 3535 3725 3818 3834 3853 3867
1928 3023 3535 3727 3818 3834 3857 3861
1928 3023 3535 3731 3813 3840 3852 3861
1928 3023 3535 3732 3816 3829 3859 3861
1928 3024 3521 3731 3822 3836 3859 3862
1928 3024 3521 3735 3817 3842 3852 3864
1928 3024 3521 3735 3818 3828 3853 3876
1928 3024 3522 3735 3822 3830 3853 3869
1928 3024 3522 3735 3824 3835 3851 3864
1928 3024 3522 3737 3817 3836 3844 3875
1928 3024 3527 3737 3812 3842 3851 3862
1928 3024 3527 3739 3817 3828 3859 3861
1928 3024 3531 3727 3810 3836 3852 3875
1928 3024 3531 3727 3824 3833 3852 3864
1928 3024 3531 3731 3810 3830 3859 3870
1928 3024 3533 3727 3818 3834 3844 3875
1928 3024 3533 3732 3812 3833 3859 3862
1928 3024 3536 3731 3824 3834 3854 3869
1928 3024 3536 3732 3824 3833 3852 3871
1928 3024 3536 3735 3817 3830 3852 3861
1928 3025 3522 3735 3823 3836 3851 3863
1928 3025 3531 3725 3816 3836 3859 3863
1928 3025 3531 3727 3818 3827 3857 3870
1928 3025 3532 3727 3816 3840 3854 3861
1928 3025 3532 3731 3811 3836 3844 3876
1928 3025 3532 3731 3813 3840 3844 3870
1928 3025 3532 3735 3813 3829 3851 3870
1928 3026 3521 3735 3822 3836 3852 3863
1928 3026 3527 3737 3824 3834 3844 3863
1928 3026 3527 3739 3822 3835 3845 3861
1928 3026 3531 3726 3821 3836 3846 3869
1928 3026 3531 3731 3824 3827 3852 3864
1928 3026 3532 3731 3822 3830 3844 3870
1928 3026 3532 3731 3824 3834 3844 3864
1928 3026 3532 3732 3824 3833 3846 3862
1928 3026 3533 3735 3817 3830 3845 3869
1928 3026 3535 3735 3818 3834 3846 3861
1928 3026 3535 3737 3816 3836 3851 3871
1928 3026 3535 3737 3817 3833 3854 3870
1929 3013 3528 3739 3823 3842 3845 3864
1929 3013 3531 3726 3823 3842 3855 3864
1929 3013 3532 3726 3822 3842 3854 3865
1929 3013 3533 3740 3818 3840 3848 3862
1929 3013 3534 3737 3819 3830 3845 3876
1929 3013 3536 3739 3818 3840 3855 3870
1929 3014 3532 3725 3822 3842 3848 3871
1929 3014 3532 3725 3824 3837 3846 3876
1929 3014 3533 3739 3817 3827 3859 3865
1929 3014 3533 3739 3823 3831 3851 3863
1929 3014 3534 3733 3824 3827 3846 3876
1929 3014 3534 3737 3824 3831 3851 3863
1929 3014 3534 3740 3822 3835 3848 3861
1929 3014 3535 3737 3817 3842 3844 3865
1929 3014 3535 3737 3819 3829 3844 3876
1929 3014 3536 3733 3824 3840 3844 3863
1929 3020 3521 3727 3823 3837 3845 3864
1929 3020 3521 3737 3811 3831 3854 3863
1929 3020 3521 3737 3813 3829 3855 3862
1929 3020 3522 3737 3812 3827 3854 3865
1929 3020 3522 3739 3818 3827 3846 3865
1929 3020 3524 3740 3823 3828 3848 3871
1929 3020 3532 3725 3813 3828 3848 3871
1929 3020 3535 3725 3818 3831 3846 3862
1929 3020 3535 3727 3818 3828 3844 3865
1929 3020 3536 3729 3823 3830 3845 3871
1929 3020 3536 3733 3811 3830 3844 3863
1929 3021 3521 3727 3819 3840 3845 3864
1929 3021 3521 3727 3822 3836 3845 3865
1929 3021 3522 3725 3822 3836 3848 3863
1929 3021 3522 3732 3824 3827 3846 3865
1929 3021 3524 3740 3822 3829 3848 3870
1929 3021 3524 3740 3824 3834 3846 3865
1929 3021 3525 3740 3824 3829 3851 3864
1929 3021 3528 3725 3812 3842 3845 3864
1929 3021 3528 3740 3811 3830 3846 3861
1929 3021 3533 3725 3813 3834 3848 3863
1929 3021 3535 3729 3811 3836 3846 3876
1929 3021 3535 3729 3813 3840 3846 3870
1929 3021 3535 3732 3811 3831 3846 3861
1929 3021 3536 3725 3817 3830 3855 3870
1929 3022 3521 3732 3823 3831 3846 3862
1929 3022 3521 3733 3813 3840 3846 3862
1929 3022 3522 3733 3812 3840 3844 3864
1929 3022 3522 3737 3817 3830 3844 3865
1929 3022 3524 3726 3823 3837 3846 3876
1929 3022 3524 3739 3817 3828 3859 3865
1929 3022 3525 3725 3822 3830 3859 3871
1929 3022 3525 3739 3813 3840 3846 3869
1929 3022 3531 3725 3812 3831 3852 3864
1929 3022 3531 3727 3810 3830 3852 3865
1929 3022 3534 3729 3812 3834 3859 3864
1929 3022 3536 3725 3818 3834 3848 3871
1929 3022 3536 3733 3811 3830 3851 3871
1929 3023 3521 3727 3818 3840 3855 3870
1929 3023 3521 3740 3817 3836 3852 3865
1929 3023 3521 3740 3818 3834 3853 3865
1929 3023 3522 3732 3824 3829 3855 3869
1929 3023 3524 3726 3819 3840 3859 3863
1929 3023 3524 3733 3824 3829 3845 3876
1929 3023 3528 3727 3823 3830 3845 3861
1929 3023 3528 3740 3811 3830 3853 3869
1929 3023 3532 3729 3811 3830 3853 3876
1929 3023 3535 3732 3811 3831 3853 3869
1929 3023 3535 3733 3813 3829 3851 3870
1929 3024 3521 3732 3819 3828 3859 3871
1929 3024 3521 3737 3817 3831 3854 3870
1929 3024 3522 3732 3824 3837 3846 3869
1929 3024 3522 3737 3819 3830 3851 3871
1929 3024 3522 3739 3819 3835 3851 3864
1929 3024 3524 3737 3817 3842 3848 3862
1929 3024 3525 3737 3812 3836 3844 3876
1929 3024 3528 3726 3810 3836 3859 3871
1929 3024 3528 3727 3824 3828 3854 3869
1929 3024 3528 3739 3813 3828 3853 3869
1929 3024 3531 3726 3818 3831 3846 3861
1929 3024 3531 3727 3818 3828 3848 3861
1929 3024 3531 3729 3812 3842 3852 3864
1929 3024 3533 3726 3817 3831 3854 3869
1929 3024 3533 3726 3818 3831 3851 3871
1929 3024 3533 3729 3817 3830 3859 3862
1929 3024 3536 3732 3812 3837 3852 3861
1929 3024 3536 3733 3812 3834 3854 3861
1929 3024 3536 3733 3812 3836 3851 3862
1929 3024 3536 3733 3817 3830 3844 3870
1929 3025 3524 3740 3819 3840 3852 3871
1929 3025 3525 3732 3823 3842 3844 3863
1929 3025 3525 3740 3823 3836 3851 3871
1929 3025 3528 3725 3818 3842 3845 3871
1929 3025 3528 3727 3823 3827 3854 3870
1929 3025 3528 3740 3811 3835 3854 3861
1929 3025 3528 3740 3818 3829 3844 3870
1929 3025 3531 3725 3813 3835 3855 3870
1929 3025 3531 3727 3811 3836 3855 3869
1929 3025 3531 3729 3811 3836 3859 3863
1929 3025 3531 3733 3813 3829 3845 3861
1929 3025 3532 3725 3817 3831 3854 3870
1929 3025 3532 3729 3813 3840 3853 3862
1929 3025 3534 3727 3818 3834 3855 3861
1929 3026 3521 3733 3822 3836 3845 3871
1929 3026 3521 3737 3817 3836 3855 3862
1929 3026 3521 3737 3819 3834 3854 3863
1929 3026 3524 3737 3824 3834 3855 3871
1929 3026 3524 3739 3822 3835 3855 3870
1929 3026 3528 3737 3812 3827 3854 3870
1929 3026 3528 3739 3810 3836 3852 3863
1929 3026 3528 3739 3818 3827 3846 3870
1929 3026 3531 3729 3824 3835 3845 3864
1929 3026 3532 3729 3822 3830 3853 3862
1929 3026 3533 3726 3818 3837 3851 3863
1929 3026 3533 3732 3812 3837 3845 3869
1929 3026 3535 3729 3822 3835 3854 3870
1929 3026 3535 3729 3822 3836 3852 3871
1929 3026 3535 3733 3817 3828 3854 3861
1930 3013 3522 3737 3824 3838 3854 3865
1930 3013 3533 3739 3813 3838 3852 3865
1930 3013 3533 3739 3818 3831 3845 3874
1930 3013 3534 3726 3819 3838 3859 3864
1930 3013 3534 3737 3813 3838 3848 3870
1930 3013 3535 3734 3811 3837 3859 3864
1930 3013 3536 3734 3823 3830 3855 3862
1930 3014 3532 3725 3824 3831 3856 3871
1930 3014 3532 3739 3810 3831 3853 3874
1930 3014 3532 3739 3815 3842 3846 3865
1930 3014 3534 3737 3815 3842 3848 3863
1930 3014 3535 3727 3823 3837 3856 3861
1930 3014 3535 3729 3823 3842 3856 3871
1930 3014 3536 3734 3823 3827 3848 3871
1930 3016 3521 3737 3811 3842 3855 3871
1930 3016 3521 3740 3823 3837 3846 3870
1930 3016 3532 3725 3824 3831 3846 3862
1930 3016 3532 3727 3824 3828 3844 3865
1930 3016 3532 3739 3811 3831 3846 3861
1930 3016 3533 3726 3823 3831 3844 3863
1930 3016 3533 3727 3823 3827 3848 3862
1930 3016 3534 3727 3824 3828 3855 3869
1930 3016 3534 3729 3824 3828 3859 3863
1930 3016 3534 3737 3812 3831 3845 3861
1930 3016 3534 3740 3810 3835 3848 3870
1930 3016 3535 3725 3819 3828 3859 3871
1930 3016 3535 3729 3823 3842 3846 3862
1930 3016 3536 3725 3824 3835 3855 3862
1930 3016 3536 3725 3824 3837 3852 3863
1930 3016 3536 3739 3811 3835 3855 3861
1930 3016 3536 3739 3819 3829 3845 3869
1930 3021 3522 3725 3819 3830 3856 3863
1930 3021 3524 3727 3824 3828 3855 3874
1930 3021 3525 3740 3810 3830 3853 3874
1930 3021 3526 3725 3824 3831 3845 3864
1930 3021 3533 3727 3815 3830 3845 3865
1930 3021 3533 3729 3811 3830 3849 3863
1930 3021 3533 3729 3813 3829 3845 3866
1930 3021 3535 3729 3813 3828 3853 3874
1930 3021 3535 3729 3813 3829 3856 3870
1930 3021 3536 3729 3812 3836 3845 3874
1930 3022 3521 3733 3813 3829 3856 3862
1930 3022 3522 3725 3818 3837 3846 3866
1930 3022 3522 3729 3823 3830 3856 3871
1930 3022 3522 3733 3810 3829 3854 3866
1930 3022 3524 3726 3823 3831 3856 3871
1930 3022 3525 3737 3813 3829 3844 3866
1930 3022 3525 3739 3813 3829 3856 3869
1930 3022 3525 3739 3815 3829 3859 3864
1930 3022 3526 3726 3823 3831 3844 3864
1930 3022 3536 3726 3815 3835 3854 3865
1930 3022 3536 3729 3811 3835 3854 3866
1930 3023 3521 3733 3811 3836 3849 3863
1930 3023 3521 3734 3813 3835 3845 3865
1930 3023 3524 3727 3823 3838 3848 3870
1930 3023 3524 3727 3824 3838 3852 3865
1930 3023 3524 3730 3823 3842 3848 3863
1930 3023 3524 3733 3812 3842 3845 3874
1930 3023 3524 3740 3819 3829 3852 3866
1930 3023 3526 3740 3811 3836 3848 3869
1930 3023 3532 3730 3813 3829 3848 3861
1930 3023 3535 3727 3815 3836 3852 3865
1930 3023 3535 3729 3818 3829 3849 3870
1930 3024 3521 3727 3818 3837 3856 3870
1930 3024 3521 3734 3818 3831 3846 3862
1930 3024 3522 3737 3815 3836 3848 3871
1930 3024 3524 3733 3812 3842 3856 3862
1930 3024 3524 3733 3824 3828 3849 3871
1930 3024 3524 3737 3812 3837 3849 3870
1930 3024 3525 3734 3810 3830 3859 3871
1930 3024 3525 3739 3813 3835 3856 3861
1930 3024 3533 3730 3812 3831 3854 3869
1930 3024 3536 3733 3815 3830 3853 3862
1930 3025 3524 3730 3823 3842 3855 3871
1930 3025 3524 3734 3811 3837 3859 3863
1930 3025 3524 3734 3823 3831 3845 3871
1930 3025 3525 3727 3823 3838 3854 3861
1930 3025 3526 3725 3818 3842 3855 3862
1930 3025 3532 3729 3811 3836 3849 3871
1930 3025 3534 3730 3813 3835 3855 3861
1930 3026 3521 3734 3818 3828 3855 3871
1930 3026 3524 3733 3824 3838 3846 3862
1930 3026 3525 3737 3812 3838 3854 3861
1930 3026 3525 3739 3818 3838 3846 3861
1930 3026 3526 3739 3818 3828 3855 3861
1930 3026 3526 3739 3819 3827 3852 3864
1930 3026 3532 3726 3815 3837 3853 3864
1930 3026 3532 3729 3812 3836 3856 3862
1930 3026 3532 3730 3810 3836 3848 3871
1930 3026 3533 3730 3818 3827 3848 3871
1930 3026 3533 3733 3815 3830 3845 3871
1930 3026 3535 3730 3818 3837 3846 3861
1930 3026 3535 3730 3819 3835 3844 3864
1930 3026 3535 3733 3815 3836 3846 3862
1931 3013 3522 3739 3819 3838 3857 3864
1931 3013 3522 3739 3821 3836 3856 3865
1931 3013 3533 3726 3821 3831 3854 3874
1931 3013 3534 3730 3821 3842 3848 3864
1931 3013 3534 3734 3813 3828 3855 3875
1931 3013 3536 3735 3811 3836 3855 3866
1931 3013 3536 3735 3819 3830 3845 3874
1931 3013 3536 3739 3816 3836 3855 3874
1931 3014 3533 3735 3812 3827 3849 3865
1931 3014 3533 3739 3815 3829 3855 3867
1931 3014 3533 3739 3815 3831 3857 3863
1931 3014 3534 3727 3819 3827 3856 3875
1931 3014 3534 3729 3821 3842 3846 3866
1931 3014 3534 3729 3824 3838 3846 3867
1931 3014 3534 3731 3810 3842 3855 3866
1931 3014 3534 3740 3819 3833 3846 3866
1931 3014 3535 3734 3810 3831 3857 3871
1931 3014 3535 3735 3810 3831 3853 3874
1931 3014 3535 3735 3815 3842 3846 3865
1931 3014 3536 3725 3821 3837 3853 3866
1931 3014 3536 3729 3824 3838 3857 3871
1931 3014 3536 3731 3824 3838 3844 3865
1931 3016 3521 3740 3819 3828 3857 3871
1931 3016 3522 3735 3824 3827 3846 3865
1931 3016 3525 3739 3810 3842 3857 3863
1931 3016 3533 3725 3812 3837 3845 3867
1931 3016 3533 3740 3811 3833 3848 3871
1931 3016 3534 3726 3819 3827 3846 3867
1931 3016 3534 3726 3821 3831 3846 3861
1931 3016 3534 3727 3821 3828 3848 3861
1931 3016 3535 3727 3810 3837 3857 3870
1931 3016 3535 3735 3811 3831 3846 3861
1931 3016 3536 3726 3819 3827 3857 3871
1931 3016 3536 3739 3816 3827 3853 3865
1931 3016 3536 3739 3816 3829 3855 3861
1931 3017 3521 3740 3811 3836 3856 3871
1931 3017 3524 3739 3811 3842 3856 3863
1931 3017 3524 3740 3824 3829 3856 3862
1931 3017 3533 3727 3811 3827 3854 3866
1931 3017 3534 3726 3810 3836 3849 3863
1931 3017 3534 3726 3813 3838 3846 3861
1931 3017 3534 3727 3810 3836 3845 3866
1931 3017 3534 3740 3815 3830 3846 3870
1931 3017 3536 3725 3812 3838 3854 3870
1931 3017 3536 3734 3811 3830 3844 3863
1931 3022 3521 3731 3811 3837 3849 3864
1931 3022 3522 3735 3815 3829 3848 3864
1931 3022 3522 3735 3815 3830 3846 3865
1931 3022 3524 3727 3811 3837 3856 3875
1931 3022 3524 3735 3811 3831 3846 3866
1931 3022 3524 3735 3812 3828 3849 3865
1931 3022 3524 3739 3816 3831 3846 3874
1931 3022 3525 3739 3813 3833 3846 3874
1931 3022 3527 3725 3812 3831 3856 3862
1931 3022 3536 3729 3816 3829 3854 3866
1931 3022 3536 3730 3812 3833 3854 3865
1931 3023 3521 3727 3816 3836 3855 3874
1931 3023 3522 3729 3821 3830 3853 3874
1931 3023 3524 3726 3821 3831 3853 3874
1931 3023 3524 3730 3824 3829 3855 3867
1931 3023 3524 3730 3824 3831 3857 3863
1931 3023 3524 3731 3811 3842 3855 3866
1931 3023 3524 3731 3824 3831 3845 3874
1931 3023 3525 3725 3813 3838 3853 3875
1931 3023 3526 3725 3819 3830 3845 3867
1931 3023 3527 3727 3811 3838 3848 3861
1931 3023 3527 3729 3812 3842 3845 3874
1931 3023 3527 3740 3815 3829 3848 3870
1931 3023 3535 3730 3813 3833 3853 3865
1931 3024 3521 3731 3813 3837 3856 3870
1931 3024 3524 3730 3824 3837 3846 3867
1931 3024 3524 3731 3824 3831 3856 3862
1931 3024 3524 3735 3812 3831 3856 3870
1931 3024 3525 3731 3810 3842 3854 3866
1931 3024 3525 3739 3815 3836 3846 3867
1931 3024 3526 3729 3824 3828 3854 3867
1931 3024 3526 3735 3813 3828 3848 3861
1931 3024 3527 3727 3819 3828 3844 3866
1931 3024 3527 3729 3812 3842 3856 3862
1931 3024 3527 3729 3824 3828 3849 3871
1931 3024 3527 3730 3810 3842 3848 3871
1931 3024 3527 3739 3815 3831 3846 3870
1931 3024 3533 3729 3816 3830 3849 3871
1931 3024 3533 3730 3813 3833 3848 3871
1931 3024 3536 3731 3815 3836 3848 3862
1931 3025 3522 3731 3819 3827 3854 3874
1931 3025 3524 3727 3819 3838 3857 3862
1931 3025 3524 3740 3816 3837 3853 3874
1931 3025 3525 3725 3821 3836 3849 3871
1931 3025 3525 3727 3821 3836 3844 3874
1931 3025 3525 3734 3813 3827 3857 3871
1931 3025 3525 3735 3813 3827 3853 3874
1931 3025 3525 3740 3815 3836 3857 3871
1931 3025 3526 3725 3821 3831 3854 3870
1931 3025 3526 3740 3816 3836 3844 3865
1931 3025 3527 3734 3811 3831 3844 3863
1931 3025 3534 3729 3816 3836 3849 3863
1931 3026 3521 3730 3821 3837 3853 3864
1931 3026 3524 3734 3821 3828 3848 3871
1931 3026 3525 3731 3824 3838 3844 3864
1931 3026 3526 3735 3810 3830 3855 3870
1931 3026 3526 3739 3819 3833 3845 3864
1931 3026 3527 3726 3819 3827 3856 3871
1931 3026 3527 3729 3824 3838 3846 3862
1931 3026 3533 3731 3815 3830 3855 3862
1931 3026 3535 3729 3816 3836 3856 3871
1932 3013 3522 3735 3822 3830 3855 3874
1932 3013 3525 3739 3821 3840 3849 3864
1932 3013 3527 3739 3822 3831 3845 3874
1932 3013 3531 3740 3816 3830 3856 3865
1932 3013 3534 3730 3822 3830 3855 3867
1932 3013 3535 3732 3811 3837 3856 3867
1932 3013 3535 3735 3813 3834 3856 3865
1932 3014 3526 3739 3810 3840 3855 3867
1932 3014 3531 3725 3821 3831 3846 3866
1932 3014 3531 3740 3812 3833 3856 3865
1932 3014 3534 3727 3822 3833 3855 3866
1932 3014 3534 3731 3810 3838 3848 3876
1932 3014 3535 3725 3817 3837 3856 3867
1932 3014 3535 3731 3822 3831 3844 3874
1932 3014 3536 3735 3812 3838 3851 3865
1932 3014 3536 3735 3815 3840 3848 3863
1932 3014 3536 3735 3817 3827 3848 3874
1932 3014 3536 3739 3817 3833 3855 3874
1932 3016 3522 3735 3810 3840 3848 3863
1932 3016 3525 3740 3822 3829 3844 3875
1932 3016 3528 3739 3810 3829 3845 3867
1932 3016 3528 3739 3811 3827 3846 3867
1932 3016 3531 3725 3812 3828 3855 3867
1932 3016 3531 3726 3810 3829 3855 3867
1932 3016 3531 3726 3810 3831 3857 3863
1932 3016 3534 3727 3810 3834 3855 3875
1932 3016 3535 3725 3816 3837 3846 3876
1932 3016 3536 3725 3817 3837 3845 3875
1932 3016 3536 3725 3821 3834 3848 3871
1932 3016 3536 3739 3817 3833 3845 3865
1932 3017 3521 3740 3817 3828 3854 3874
1932 3017 3524 3739 3811 3838 3846 3876
1932 3017 3524 3740 3812 3840 3856 3862
1932 3017 3531 3726 3813 3827 3846 3874
1932 3017 3531 3727 3810 3830 3845 3874
1932 3017 3534 3726 3817 3827 3849 3864
1932 3017 3535 3725 3813 3834 3856 3871
1932 3017 3535 3727 3810 3834 3854 3874
1932 3017 3535 3730 3810 3829 3854 3876
1932 3017 3535 3732 3810 3829 3849 3862
1932 3017 3536 3726 3815 3840 3854 3863
1932 3017 3536 3726 3817 3827 3854 3874
1932 3018 3521 3727 3821 3828 3854 3865
1932 3018 3524 3740 3811 3837 3846 3875
1932 3018 3525 3740 3810 3829 3854 3875
1932 3018 3525 3740 3810 3830 3857 3871
1932 3018 3527 3740 3810 3829 3848 3862
1932 3018 3527 3740 3812 3828 3844 3865
1932 3018 3534 3727 3816 3827 3848 3864
1932 3018 3535 3729 3813 3828 3857 3871
1932 3018 3535 3731 3811 3831 3844 3864
1932 3018 3535 3731 3813 3828 3844 3865
1932 3018 3536 3725 3816 3830 3855 3871
1932 3023 3521 3731 3813 3834 3855 3874
1932 3023 3522 3732 3812 3833 3855 3874
1932 3023 3522 3732 3815 3829 3855 3875
1932 3023 3524 3727 3816 3840 3855 3866
1932 3023 3524 3727 3821 3834 3848 3874
1932 3023 3524 3730 3812 3840 3855 3867
1932 3023 3524 3730 3821 3829 3848 3876
1932 3023 3524 3731 3811 3838 3848 3876
1932 3023 3525 3727 3821 3830 3851 3874
1932 3023 3526 3725 3813 3834 3855 3875
1932 3023 3526 3725 3816 3830 3855 3876
1932 3023 3526 3729 3813 3840 3845 3875
1932 3023 3526 3732 3811 3827 3848 3867
1932 3023 3526 3740 3816 3830 3851 3865
1932 3023 3527 3725 3817 3831 3845 3866
1932 3023 3527 3726 3815 3829 3855 3876
1932 3023 3527 3726 3817 3827 3849 3865
1932 3023 3528 3725 3816 3830 3849 3863
1932 3024 3521 3732 3816 3831 3856 3871
1932 3024 3522 3732 3815 3837 3846 3875
1932 3024 3524 3726 3817 3837 3856 3867
1932 3024 3525 3727 3822 3833 3854 3866
1932 3024 3525 3735 3815 3830 3846 3876
1932 3024 3525 3739 3817 3833 3849 3864
1932 3024 3526 3739 3816 3831 3851 3864
1932 3024 3527 3726 3815 3837 3846 3876
1932 3024 3528 3726 3813 3833 3856 3871
1932 3024 3528 3727 3815 3828 3854 3875
1932 3024 3528 3731 3810 3830 3849 3862
1932 3024 3528 3731 3813 3828 3844 3866
1932 3025 3522 3732 3815 3837 3857 3863
1932 3025 3524 3735 3817 3831 3845 3874
1932 3025 3525 3725 3817 3838 3854 3867
1932 3025 3525 3740 3817 3833 3854 3874
1932 3025 3527 3727 3815 3840 3855 3862
1932 3025 3528 3727 3816 3827 3854 3874
1932 3025 3528 3730 3813 3827 3857 3871
1932 3026 3521 3732 3816 3837 3856 3863
1932 3026 3524 3731 3822 3837 3845 3866
1932 3026 3524 3731 3822 3838 3848 3862
1932 3026 3524 3735 3817 3828 3855 3866
1932 3026 3525 3731 3822 3827 3854 3866
1932 3026 3525 3735 3812 3838 3851 3864
1932 3026 3526 3726 3821 3837 3851 3864
1932 3026 3526 3732 3810 3837 3845 3875
1932 3026 3527 3730 3822 3827 3848 3871
1932 3026 3531 3729 3816 3830 3856 3863
1932 3026 3531 3730 3812 3833 3855 3864
1933 3013 3525 3740 3818 3840 3856 3875
1933 3013 3527 3726 3822 3838 3859 3865
1933 3013 3527 3737 3811 3838 3848 3876
1933 3013 3528 3740 3818 3828 3857 3866
1933 3013 3532 3732 3811 3831 3856 3875
1933 3013 3535 3733 3816 3840 3849 3864
1933 3013 3536 3730 3818 3840 3855 3875
1933 3014 3521 3731 3822 3838 3859 3865
1933 3014 3521 3733 3821 3829 3856 3876
1933 3014 3528 3727 3823 3827 3856 3875
1933 3014 3528 3740 3810 3835 3857 3866
1933 3014 3528 3740 3823 3833 3846 3866
1933 3014 3532 3725 3817 3831 3856 3875
1933 3014 3532 3727 3822 3833 3848 3874
1933 3014 3532 3729 3812 3840 3856 3867
1933 3014 3532 3729 3822 3829 3849 3875
1933 3014 3535 3733 3815 3840 3846 3867
1933 3014 3535 3737 3817 3833 3849 3865
1933 3014 3536 3733 3817 3827 3857 3866
1933 3014 3536 3733 3821 3829 3851 3866
1933 3016 3521 3731 3823 3828 3855 3876
1933 3016 3521 3733 3822 3829 3845 3867
1933 3016 3521 3737 3816 3829 3855 3876
1933 3016 3522 3725 3822 3835 3855 3875
1933 3016 3525 3737 3812 3827 3857 3876
1933 3016 3528 3726 3823 3827 3846 3867
1933 3016 3528 3740 3810 3829 3852 3875
1933 3016 3528 3740 3812 3828 3857 3869
1933 3016 3532 3725 3817 3828 3848 3867
1933 3016 3532 3729 3812 3828 3857 3876
1933 3016 3535 3727 3822 3833 3852 3865
1933 3016 3535 3729 3822 3829 3852 3867
1933 3016 3535 3729 3823 3834 3846 3867
1933 3016 3535 3731 3810 3834 3859 3865
1933 3016 3535 3733 3811 3833 3846 3876
1933 3016 3536 3726 3821 3835 3851 3865
1933 3017 3521 3732 3823 3828 3849 3863
1933 3017 3521 3740 3818 3834 3846 3874
1933 3017 3522 3732 3823 3827 3846 3866
1933 3017 3524 3726 3823 3838 3846 3876
1933 3017 3524 3740 3822 3829 3852 3866
1933 3017 3524 3740 3823 3834 3846 3866
1933 3017 3532 3725 3812 3834 3849 3864
1933 3017 3532 3725 3813 3834 3846 3866
1933 3017 3535 3727 3815 3840 3852 3864
1933 3017 3535 3727 3818 3828 3851 3874
1933 3017 3535 3730 3813 3840 3846 3869
1933 3017 3536 3730 3823 3830 3851 3863
1933 3017 3536 3732 3812 3827 3852 3874
1933 3018 3521 3731 3823 3831 3845 3864
1933 3018 3521 3733 3813 3828 3857 3863
1933 3018 3522 3725 3821 3835 3848 3864
1933 3018 3522 3731 3823 3827 3848 3864
1933 3018 3522 3733 3810 3830 3857 3863
1933 3018 3522 3733 3812 3827 3857 3864
1933 3018 3524 3727 3823 3828 3855 3875
1933 3018 3532 3726 3813 3833 3846 3865
1933 3018 3532 3727 3811 3833 3848 3864
1933 3018 3532 3729 3811 3830 3846 3867
1933 3018 3535 3729 3816 3829 3859 3864
1933 3018 3536 3729 3818 3829 3845 3875
1933 3018 3536 3731 3811 3830 3855 3869
1933 3019 3521 3732 3811 3831 3856 3863
1933 3019 3522 3725 3817 3838 3848 3864
1933 3019 3522 3732 3810 3829 3855 3866
1933 3019 3522 3732 3812 3827 3856 3865
1933 3019 3524 3740 3812 3834 3856 3865
1933 3019 3524 3740 3817 3828 3848 3874
1933 3019 3525 3725 3822 3830 3849 3863
1933 3019 3528 3726 3813 3827 3846 3874
1933 3019 3528 3727 3810 3830 3845 3874
1933 3019 3535 3729 3813 3834 3846 3874
1933 3019 3536 3729 3817 3830 3845 3874
1933 3024 3524 3730 3822 3835 3848 3867
1933 3024 3524 3731 3822 3831 3852 3866
1933 3024 3524 3733 3812 3834 3856 3867
1933 3024 3524 3733 3817 3828 3849 3875
1933 3024 3525 3731 3822 3830 3849 3869
1933 3024 3525 3732 3810 3835 3849 3875
1933 3024 3526 3729 3822 3830 3852 3867
1933 3024 3526 3732 3810 3831 3852 3875
1933 3024 3526 3733 3813 3828 3851 3875
1933 3024 3527 3726 3817 3831 3856 3869
1933 3024 3527 3729 3817 3828 3859 3866
1933 3024 3527 3730 3810 3835 3848 3876
1933 3024 3528 3727 3816 3830 3856 3869
1933 3024 3528 3730 3812 3833 3859 3864
1933 3025 3522 3731 3818 3838 3851 3865
1933 3025 3524 3733 3816 3840 3849 3863
1933 3025 3525 3732 3821 3829 3849 3869
1933 3025 3525 3732 3823 3833 3849 3863
1933 3025 3526 3725 3818 3834 3855 3867
1933 3025 3526 3729 3818 3840 3845 3867
1933 3025 3526 3732 3816 3827 3859 3865
1933 3025 3527 3729 3823 3834 3849 3863
1933 3025 3527 3730 3817 3827 3859 3865
1933 3025 3527 3730 3823 3831 3851 3863
1933 3025 3527 3733 3815 3829 3845 3876
1933 3025 3528 3727 3818 3833 3845 3874
1933 3025 3528 3731 3813 3827 3852 3874
1933 3026 3524 3730 3822 3835 3855 3875
1933 3026 3524 3733 3821 3834 3846 3866
1933 3026 3526 3732 3821 3828 3848 3869
1933 3026 3527 3729 3822 3835 3845 3866
1933 3026 3527 3737 3815 3834 3848 3863
1933 3026 3528 3726 3818 3833 3856 3863
1933 3026 3528 3730 3818 3827 3846 3875
1933 3026 3528 3730 3821 3830 3846 3869
1933 3026 3532 3730 3817 3833 3848 3864
1933 3026 3532 3731 3815 3834 3848 3864
1934 3013 3522 3733 3822 3836 3857 3866
1934 3013 3525 3732 3823 3842 3856 3875
1934 3013 3527 3734 3823 3828 3848 3876
1934 3013 3527 3737 3824 3834 3849 3865
1934 3013 3528 3726 3823 3836 3856 3867
1934 3013 3528 3737 3811 3836 3849 3875
1934 3013 3533 3730 3818 3840 3848 3867
1934 3013 3533 3733 3813 3834 3857 3866
1934 3014 3528 3725 3824 3835 3856 3867
1934 3014 3528 3734 3810 3829 3859 3875
1934 3014 3533 3731 3823 3831 3851 3866
1934 3014 3536 3733 3815 3840 3853 3875
1934 3016 3521 3731 3822 3842 3852 3865
1934 3016 3521 3737 3817 3831 3857 3870
1934 3016 3522 3733 3810 3840 3853 3875
1934 3016 3522 3737 3819 3829 3851 3875
1934 3016 3525 3737 3824 3829 3851 3867
1934 3016 3528 3727 3824 3828 3857 3869
1934 3016 3533 3725 3816 3835 3848 3876
1934 3016 3533 3725 3817 3831 3852 3875
1934 3016 3533 3726 3817 3831 3857 3869
1934 3016 3533 3726 3817 3833 3859 3865
1934 3016 3533 3727 3816 3840 3848 3869
1934 3016 3533 3729 3812 3840 3852 3867
1934 3016 3536 3729 3823 3834 3853 3875
1934 3016 3536 3731 3823 3834 3848 3861
1934 3016 3536 3733 3812 3834 3857 3861
1934 3017 3521 3727 3818 3840 3856 3870
1934 3017 3521 3727 3822 3836 3852 3874
1934 3017 3521 3730 3823 3836 3846 3876
1934 3017 3521 3737 3813 3834 3853 3874
1934 3017 3522 3732 3824 3829 3856 3869
1934 3017 3522 3737 3812 3836 3851 3874
1934 3017 3524 3737 3812 3840 3849 3870
1934 3017 3526 3725 3822 3830 3859 3870
1934 3017 3526 3725 3824 3834 3859 3864
1934 3017 3526 3726 3823 3842 3851 3864
1934 3017 3533 3726 3813 3835 3851 3874
1934 3017 3536 3725 3817 3836 3852 3866
1934 3017 3536 3725 3818 3834 3853 3866
1934 3018 3521 3733 3811 3836 3846 3867
1934 3018 3522 3729 3823 3836 3846 3875
1934 3018 3522 3729 3824 3835 3857 3864
1934 3018 3524 3731 3824 3828 3859 3865
1934 3018 3524 3733 3811 3842 3846 3875
1934 3018 3524 3737 3811 3831 3853 3875
1934 3018 3524 3737 3812 3831 3857 3870
1934 3018 3525 3725 3818 3842 3846 3875
1934 3018 3527 3726 3823 3831 3846 3861
1934 3018 3527 3727 3823 3828 3848 3861
1934 3018 3533 3729 3813 3829 3852 3875
1934 3018 3536 3726 3818 3833 3853 3865
1934 3018 3536 3731 3811 3836 3848 3869
1934 3019 3521 3734 3813 3834 3846 3865
1934 3019 3522 3729 3822 3830 3853 3874
1934 3019 3524 3726 3817 3842 3856 3865
1934 3019 3524 3726 3819 3829 3856 3876
1934 3019 3524 3726 3822 3831 3853 3874
1934 3019 3524 3727 3824 3834 3856 3865
1934 3019 3525 3725 3812 3836 3856 3876
1934 3019 3528 3725 3813 3828 3853 3866
1934 3019 3528 3726 3813 3829 3856 3861
1934 3019 3528 3727 3811 3830 3856 3861
1934 3019 3536 3730 3812 3836 3851 3865
1934 3019 3536 3732 3815 3829 3848 3870
1934 3020 3521 3731 3818 3828 3849 3865
1934 3020 3521 3733 3816 3829 3849 3864
1934 3020 3522 3729 3818 3829 3856 3875
1934 3020 3524 3730 3823 3831 3846 3875
1934 3020 3525 3725 3813 3835 3856 3875
1934 3020 3525 3731 3810 3830 3859 3874
1934 3020 3526 3725 3818 3828 3848 3867
1934 3020 3527 3726 3810 3835 3849 3865
1934 3020 3527 3729 3812 3828 3859 3874
1934 3020 3536 3731 3815 3830 3852 3865
1934 3025 3524 3730 3819 3835 3857 3876
1934 3025 3524 3731 3819 3834 3859 3874
1934 3025 3525 3731 3818 3840 3849 3861
1934 3025 3525 3731 3818 3842 3851 3874
1934 3025 3525 3734 3818 3829 3851 3867
1934 3025 3526 3733 3811 3836 3851 3867
1934 3025 3526 3733 3813 3834 3857 3861
1934 3025 3527 3729 3817 3842 3852 3874
1934 3025 3528 3730 3813 3835 3857 3861
1934 3025 3528 3731 3811 3836 3849 3869
1934 3026 3526 3729 3822 3836 3852 3875
1934 3026 3527 3730 3822 3835 3848 3861
1934 3026 3527 3733 3810 3834 3853 3866
1934 3026 3527 3733 3812 3834 3856 3861
1934 3026 3527 3734 3817 3828 3848 3869
1934 3026 3528 3731 3810 3836 3852 3866
1934 3026 3528 3734 3812 3833 3852 3864
1934 3026 3528 3734 3816 3830 3846 3869
1935 3013 3527 3733 3824 3840 3849 3862
1935 3013 3527 3739 3819 3834 3859 3874
1935 3013 3528 3730 3823 3842 3854 3875
1935 3013 3528 3735 3811 3836 3859 3866
1935 3013 3528 3735 3823 3830 3849 3870
1935 3013 3528 3739 3816 3836 3859 3874
1935 3013 3531 3730 3823 3836 3848 3867
1935 3013 3531 3733 3811 3836 3849 3875
1935 3013 3531 3734 3816 3830 3859 3865
1935 3013 3534 3734 3818 3834 3848 3867
1935 3014 3526 3733 3824 3840 3844 3867
1935 3014 3528 3731 3823 3842 3844 3866
1935 3014 3528 3735 3824 3829 3849 3869
1935 3014 3531 3725 3819 3835 3849 3875
1935 3014 3531 3734 3812 3831 3857 3869
1935 3014 3531 3734 3812 3833 3859 3865
1935 3016 3521 3731 3819 3840 3859 3862
1935 3016 3521 3733 3817 3842 3857 3862
1935 3016 3521 3735 3817 3842 3852 3865
1935 3016 3521 3735 3819 3829 3852 3876
1935 3016 3522 3735 3824 3835 3851 3865
1935 3016 3525 3735 3812 3840 3859 3861
1935 3016 3525 3739 3817 3842 3857 3869
1935 3016 3525 3739 3823 3833 3853 3876
1935 3016 3528 3739 3816 3829 3859 3861
1935 3016 3531 3727 3823 3833 3848 3870
1935 3016 3531 3727 3824 3833 3852 3865
1935 3016 3531 3729 3824 3829 3852 3867
1935 3016 3531 3731 3811 3842 3848 3869
1935 3016 3534 3726 3819 3835 3851 3867
1935 3016 3534 3729 3817 3842 3852 3875
1935 3017 3521 3734 3811 3835 3854 3876
1935 3017 3521 3734 3813 3840 3852 3871
1935 3017 3522 3732 3824 3835 3844 3874
1935 3017 3522 3734 3812 3840 3854 3869
1935 3017 3522 3734 3823 3830 3851 3871
1935 3017 3524 3730 3824 3840 3859 3871
1935 3017 3524 3734 3812 3840 3859 3862
1935 3017 3524 3739 3817 3842 3852 3874
1935 3017 3526 3726 3823 3836 3844 3876
1935 3017 3526 3739 3813 3840 3852 3861
1935 3017 3531 3726 3818 3829 3849 3861
1935 3017 3534 3726 3817 3836 3849 3869
1935 3017 3534 3730 3817 3830 3859 3861
1935 3018 3521 3727 3818 3837 3857 3870
1935 3018 3521 3731 3823 3831 3854 3870
1935 3018 3522 3725 3818 3837 3853 3875
1935 3018 3522 3725 3819 3835 3854 3875
1935 3018 3522 3735 3818 3829 3848 3861
1935 3018 3522 3739 3818 3833 3853 3865
1935 3018 3524 3726 3823 3837 3853 3867
1935 3018 3524 3731 3823 3842 3848 3862
1935 3018 3524 3733 3812 3842 3857 3862
1935 3018 3524 3735 3812 3842 3852 3865
1935 3018 3524 3739 3819 3829 3852 3867
1935 3018 3525 3725 3824 3835 3854 3867
1935 3018 3525 3727 3823 3836 3844 3875
1935 3018 3525 3739 3813 3835 3857 3861
1935 3018 3527 3725 3812 3837 3859 3870
1935 3018 3527 3725 3824 3831 3852 3871
1935 3018 3527 3729 3824 3829 3859 3862
1935 3018 3527 3739 3811 3831 3853 3869
1935 3018 3534 3727 3816 3836 3848 3869
1935 3018 3534 3727 3818 3833 3848 3870
1935 3018 3534 3729 3812 3836 3852 3867
1935 3019 3521 3727 3819 3834 3854 3874
1935 3019 3521 3730 3817 3842 3854 3865
1935 3019 3521 3730 3819 3829 3854 3876
1935 3019 3521 3732 3819 3829 3849 3862
1935 3019 3522 3732 3819 3829 3844 3866
1935 3019 3522 3734 3817 3830 3844 3865
1935 3019 3524 3726 3819 3840 3849 3871
1935 3019 3525 3725 3817 3842 3854 3866
1935 3019 3525 3732 3812 3842 3844 3874
1935 3019 3528 3725 3812 3836 3849 3862
1935 3019 3528 3727 3811 3836 3844 3866
1935 3019 3531 3730 3813 3829 3848 3861
1935 3019 3534 3729 3813 3834 3853 3866
1935 3019 3534 3729 3817 3830 3849 3870
1935 3020 3521 3730 3818 3831 3857 3871
1935 3020 3521 3731 3813 3837 3852 3874
1935 3020 3522 3733 3812 3833 3854 3874
1935 3020 3522 3733 3815 3829 3854 3875
1935 3020 3522 3733 3815 3830 3857 3871
1935 3020 3524 3731 3811 3837 3859 3866
1935 3020 3524 3735 3812 3831 3852 3874
1935 3020 3524 3739 3816 3835 3849 3865
1935 3020 3525 3727 3823 3833 3854 3866
1935 3020 3526 3725 3813 3837 3852 3875
1935 3020 3526 3726 3813 3837 3857 3869
1935 3020 3526 3733 3811 3830 3844 3867
1935 3020 3526 3739 3813 3833 3852 3865
1935 3021 3521 3732 3816 3831 3853 3874
1935 3021 3522 3729 3817 3836 3857 3866
1935 3021 3522 3731 3819 3830 3851 3874
1935 3021 3524 3727 3819 3834 3857 3866
1935 3021 3524 3731 3824 3834 3849 3865
1935 3021 3524 3734 3816 3829 3848 3876
1935 3021 3525 3725 3817 3836 3849 3875
1935 3021 3525 3734 3813 3829 3851 3875
1935 3021 3526 3725 3816 3836 3848 3876
1935 3021 3527 3727 3815 3840 3848 3870
1935 3021 3527 3729 3812 3840 3849 3870
1935 3021 3527 3730 3812 3842 3851 3865
1935 3021 3528 3726 3813 3833 3853 3874
1935 3021 3528 3727 3815 3830 3857 3870
1935 3021 3528 3731 3811 3830 3849 3861
1935 3026 3524 3734 3817 3837 3852 3875
1935 3026 3526 3735 3818 3834 3848 3861
1936 3013 3527 3739 3819 3838 3852 3876
1936 3013 3528 3734 3821 3830 3859 3862
1936 3013 3528 3735 3818 3842 3845 3866
1936 3013 3531 3730 3818 3842 3855 3875
1936 3013 3531 3733 3821 3830 3849 3870
1936 3013 3531 3734 3818 3831 3845 3875
1936 3014 3528 3735 3812 3838 3859 3861
1936 3014 3528 3739 3821 3835 3849 3861
1936 3014 3531 3731 3819 3827 3859 3866
1936 3014 3531 3733 3824 3833 3849 3863
1936 3014 3532 3734 3812 3837 3851 3867
1936 3014 3532 3734 3817 3831 3844 3875
1936 3016 3521 3735 3819 3834 3859 3863
1936 3016 3521 3735 3819 3835 3845 3876
1936 3016 3528 3731 3824 3827 3859 3862
1936 3016 3528 3735 3812 3827 3859 3870
1936 3016 3528 3735 3812 3842 3845 3869
1936 3016 3528 3740 3824 3833 3852 3871
1936 3016 3531 3726 3819 3833 3859 3863
1936 3016 3531 3726 3821 3831 3853 3869
1936 3016 3531 3727 3819 3827 3852 3875
1936 3016 3531 3729 3824 3835 3845 3867
1936 3016 3531 3731 3824 3831 3845 3869
1936 3016 3531 3740 3816 3835 3848 3861
1936 3016 3532 3727 3819 3834 3844 3875
1936 3016 3532 3731 3824 3831 3851 3862
1936 3016 3532 3735 3812 3831 3851 3870
1936 3016 3535 3733 3816 3842 3851 3871
1936 3016 3535 3735 3817 3831 3852 3861
1936 3017 3524 3739 3817 3838 3859 3870
1936 3017 3526 3732 3824 3827 3859 3862
1936 3017 3526 3740 3824 3834 3854 3869
1936 3017 3531 3726 3813 3838 3853 3869
1936 3017 3531 3726 3815 3836 3859 3863
1936 3017 3532 3730 3812 3836 3844 3876
1936 3017 3535 3730 3817 3842 3854 3869
1936 3017 3535 3730 3818 3842 3851 3871
1936 3017 3535 3732 3815 3842 3852 3871
1936 3017 3535 3734 3813 3835 3851 3862
1936 3018 3521 3731 3818 3842 3855 3862
1936 3018 3521 3733 3816 3842 3854 3863
1936 3018 3521 3735 3813 3835 3855 3870
1936 3018 3522 3733 3824 3833 3854 3863
1936 3018 3522 3735 3812 3836 3855 3869
1936 3018 3524 3735 3824 3831 3852 3863
1936 3018 3524 3739 3819 3835 3845 3867
1936 3018 3525 3739 3818 3827 3853 3867
1936 3018 3527 3726 3819 3827 3859 3871
1936 3018 3527 3727 3824 3837 3845 3869
1936 3018 3527 3740 3812 3837 3852 3861
1936 3018 3535 3729 3816 3836 3859 3871
1936 3018 3535 3731 3813 3837 3852 3861
1936 3018 3535 3731 3818 3831 3844 3870
1936 3018 3535 3733 3813 3833 3853 3862
1936 3019 3521 3734 3813 3834 3855 3871
1936 3019 3524 3734 3812 3837 3845 3876
1936 3019 3524 3739 3819 3834 3849 3863
1936 3019 3525 3732 3824 3827 3849 3871
1936 3019 3525 3734 3812 3827 3854 3876
1936 3019 3525 3740 3817 3836 3844 3866
1936 3019 3526 3726 3819 3827 3854 3876
1936 3019 3526 3739 3813 3834 3855 3861
1936 3019 3526 3740 3819 3830 3851 3862
1936 3019 3528 3726 3815 3842 3854 3863
1936 3019 3528 3740 3815 3830 3853 3862
1936 3019 3531 3727 3815 3830 3855 3870
1936 3019 3535 3729 3817 3836 3849 3862
1936 3019 3535 3730 3817 3831 3854 3861
1936 3019 3535 3732 3815 3831 3853 3862
1936 3020 3522 3729 3821 3835 3854 3866
1936 3020 3524 3727 3821 3837 3852 3866
1936 3020 3525 3727 3818 3838 3844 3875
1936 3020 3525 3735 3815 3830 3859 3863
1936 3020 3525 3739 3818 3833 3849 3863
1936 3020 3525 3740 3815 3835 3854 3875
1936 3020 3526 3726 3821 3831 3854 3869
1936 3020 3526 3729 3821 3830 3859 3862
1936 3020 3526 3740 3818 3833 3848 3862
1936 3020 3527 3726 3815 3837 3859 3863
1936 3020 3527 3729 3812 3838 3859 3862
1936 3020 3527 3733 3812 3827 3849 3862
1936 3020 3527 3739 3815 3831 3852 3863
1936 3020 3527 3740 3815 3835 3848 3862
1936 3020 3532 3729 3816 3830 3849 3871
1936 3020 3532 3730 3813 3833 3848 3871
1936 3021 3521 3730 3817 3836 3855 3867
1936 3021 3524 3730 3817 3842 3855 3875
1936 3021 3524 3734 3812 3834 3855 3867
1936 3021 3524 3734 3817 3831 3845 3875
1936 3021 3525 3727 3821 3836 3851 3866
1936 3021 3525 3732 3824 3833 3849 3863
1936 3021 3527 3729 3817 3842 3845 3866
1936 3021 3527 3729 3824 3834 3849 3863
1936 3021 3527 3730 3824 3831 3851 3863
1936 3021 3528 3727 3815 3836 3845 3875
1936 3021 3528 3730 3813 3827 3853 3875
1936 3022 3522 3731 3818 3837 3851 3866
1936 3022 3522 3733 3817 3833 3854 3866
1936 3022 3524 3730 3817 3837 3859 3875
1936 3022 3524 3735 3817 3831 3852 3866
1936 3022 3525 3735 3813 3835 3851 3866
1936 3022 3525 3735 3817 3830 3849 3869
1936 3022 3526 3726 3818 3837 3851 3867
1936 3022 3526 3733 3813 3834 3844 3875
1936 3022 3526 3733 3816 3830 3844 3876
1936 3022 3526 3735 3813 3834 3848 3869
1936 3022 3527 3726 3817 3837 3849 3869
1936 3022 3528 3726 3815 3835 3854 3867
1936 3022 3528 3726 3818 3833 3849 3871
1936 3022 3528 3730 3813 3835 3844 3875
1936 3022 3528 3731 3815 3830 3859 3862
1937 3013 3528 3737 3821 3836 3849 3862
1937 3013 3531 3734 3818 3828 3855 3867
1937 3013 3531 3734 3821 3831 3852 3864
1937 3013 3532 3735 3819 3834 3849 3864
1937 3013 3533 3733 3816 3838 3854 3876
1937 3014 3526 3735 3822 3842 3855 3869
1937 3014 3531 3733 3810 3838 3853 3867
1937 3014 3531 3734 3810 3835 3855 3867
1937 3014 3531 3734 3821 3831 3846 3869
1937 3014 3531 3737 3819 3833 3849 3863
1937 3014 3532 3731 3822 3837 3849 3861
1937 3014 3532 3735 3817 3831 3856 3861
1937 3014 3533 3733 3817 3838 3844 3867
1937 3014 3533 3735 3815 3835 3855 3876
1937 3016 3522 3735 3822 3835 3855 3861
1937 3016 3525 3737 3821 3842 3851 3871
1937 3016 3528 3735 3810 3842 3852 3863
1937 3016 3528 3737 3816 3842 3844 3863
1937 3016 3532 3731 3819 3828 3844 3876
1937 3016 3532 3731 3822 3831 3844 3870
1937 3016 3533 3729 3821 3834 3859 3871
1937 3016 3533 3735 3817 3831 3845 3869
1937 3017 3522 3737 3817 3838 3854 3861
1937 3017 3531 3727 3818 3827 3856 3870
1937 3017 3531 3730 3810 3836 3859 3863
1937 3017 3532 3730 3817 3842 3844 3864
1937 3017 3532 3732 3815 3842 3846 3862
1937 3017 3532 3734 3813 3828 3851 3871
1937 3017 3533 3727 3818 3838 3851 3862
1937 3017 3536 3734 3818 3834 3844 3863
1937 3018 3522 3737 3819 3833 3854 3863
1937 3018 3524 3733 3821 3842 3846 3862
1937 3018 3524 3735 3819 3828 3859 3863
1937 3018 3524 3737 3816 3842 3855 3871
1937 3018 3524 3737 3821 3831 3853 3862
1937 3018 3525 3735 3810 3836 3859 3863
1937 3018 3527 3733 3810 3842 3845 3871
1937 3018 3532 3731 3810 3831 3854 3870
1937 3018 3533 3727 3818 3833 3855 3862
1937 3018 3533 3731 3813 3837 3845 3869
1937 3018 3533 3733 3813 3833 3845 3871
1937 3018 3536 3729 3821 3835 3854 3870
1937 3018 3536 3729 3821 3836 3852 3871
1937 3018 3536 3731 3818 3837 3845 3861
1937 3018 3536 3733 3816 3836 3844 3863
1937 3019 3522 3732 3819 3827 3856 3871
1937 3019 3524 3730 3822 3842 3855 3871
1937 3019 3524 3734 3822 3831 3845 3871
1937 3019 3524 3740 3817 3837 3856 3870
1937 3019 3524 3740 3819 3834 3856 3871
1937 3019 3525 3727 3822 3838 3854 3861
1937 3019 3526 3732 3810 3842 3855 3862
1937 3019 3526 3740 3819 3834 3844 3864
1937 3019 3528 3727 3810 3838 3854 3870
1937 3019 3528 3730 3810 3842 3854 3863
1937 3019 3528 3734 3813 3827 3846 3862
1937 3019 3528 3734 3813 3828 3844 3863
1937 3019 3528 3740 3815 3836 3846 3862
1937 3019 3531 3729 3813 3838 3846 3870
1937 3019 3533 3730 3813 3837 3851 3863
1937 3019 3533 3732 3815 3831 3845 3871
1937 3019 3536 3729 3817 3838 3854 3870
1937 3020 3522 3735 3815 3835 3855 3864
1937 3020 3524 3733 3821 3828 3849 3871
1937 3020 3524 3737 3816 3837 3849 3863
1937 3020 3525 3735 3813 3838 3846 3869
1937 3020 3525 3740 3818 3833 3856 3871
1937 3020 3526 3735 3813 3828 3855 3869
1937 3020 3526 3737 3813 3833 3855 3862
1937 3020 3527 3730 3810 3837 3859 3863
1937 3020 3527 3737 3815 3831 3845 3871
1937 3020 3536 3730 3818 3833 3855 3871
1937 3021 3522 3731 3819 3838 3851 3864
1937 3021 3522 3732 3819 3833 3856 3863
1937 3021 3522 3734 3817 3833 3855 3864
1937 3021 3524 3734 3817 3828 3855 3867
1937 3021 3525 3732 3810 3838 3853 3867
1937 3021 3526 3729 3822 3836 3845 3867
1937 3021 3527 3730 3819 3827 3846 3876
1937 3021 3528 3731 3813 3827 3856 3870
1937 3021 3528 3731 3815 3842 3845 3864
1937 3022 3526 3732 3810 3837 3852 3867
1937 3022 3526 3733 3810 3834 3854 3867
1937 3022 3527 3729 3822 3835 3849 3862
1937 3022 3527 3733 3810 3834 3849 3871
1937 3022 3528 3727 3818 3833 3856 3862
1937 3022 3528 3730 3810 3835 3854 3867
1937 3022 3531 3729 3816 3835 3849 3864
1937 3022 3531 3731 3815 3831 3852 3864
1937 3023 3524 3731 3819 3838 3852 3876
1937 3023 3524 3733 3816 3838 3853 3876
1937 3023 3524 3734 3816 3835 3855 3876
1937 3023 3525 3732 3821 3835 3849 3861
1937 3023 3526 3729 3821 3836 3852 3876
1937 3023 3526 3732 3816 3842 3855 3869
1937 3023 3526 3732 3819 3827 3852 3867
1937 3023 3526 3732 3821 3831 3852 3861
1937 3023 3527 3729 3817 3838 3859 3870
1937 3023 3527 3730 3817 3842 3855 3869
1937 3023 3527 3733 3817 3827 3849 3870
1937 3023 3527 3734 3817 3831 3845 3869
1937 3023 3528 3730 3818 3827 3853 3867
1937 3023 3528 3731 3813 3838 3852 3861
1937 3023 3528 3731 3818 3827 3849 3870
1937 3023 3528 3734 3813 3833 3852 3863
1938 3013 3531 3737 3816 3836 3855 3874
1938 3013 3533 3732 3821 3837 3852 3874
1938 3013 3533 3733 3821 3834 3854 3874
1938 3013 3533 3735 3818 3834 3855 3874
1938 3014 3528 3735 3823 3838 3846 3861
1938 3014 3531 3733 3821 3829 3856 3861
1938 3016 3528 3735 3823 3827 3846 3870
1938 3016 3528 3737 3821 3829 3844 3870
1938 3016 3531 3731 3823 3828 3855 3861
1938 3016 3531 3737 3816 3827 3853 3865
1938 3016 3531 3737 3816 3829 3855 3861
1938 3016 3532 3735 3810 3834 3853 3865
1938 3016 3533 3729 3821 3840 3852 3871
1938 3016 3533 3733 3816 3840 3844 3863
1938 3016 3533 3733 3817 3827 3857 3862
1938 3016 3533 3733 3821 3829 3851 3862
1938 3016 3533 3735 3817 3827 3852 3865
1938 3016 3534 3733 3821 3834 3846 3861
1938 3016 3534 3737 3817 3833 3855 3870
1938 3017 3531 3725 3818 3838 3846 3870
1938 3017 3531 3730 3823 3827 3853 3864
1938 3017 3532 3725 3817 3836 3856 3862
1938 3017 3532 3730 3822 3829 3854 3861
1938 3017 3533 3730 3818 3840 3844 3863
1938 3017 3534 3734 3817 3827 3852 3864
1938 3017 3534 3734 3818 3828 3851 3863
1938 3018 3525 3735 3823 3827 3853 3864
1938 3018 3525 3737 3821 3829 3854 3861
1938 3018 3532 3725 3816 3837 3853 3864
1938 3018 3533 3733 3811 3833 3854 3863
1938 3018 3534 3731 3818 3828 3855 3861
1938 3018 3534 3731 3819 3827 3852 3864
1938 3018 3534 3733 3816 3827 3853 3864
1938 3019 3524 3734 3822 3829 3855 3862
1938 3019 3525 3734 3810 3840 3854 3863
1938 3019 3526 3725 3822 3836 3855 3862
1938 3019 3531 3729 3811 3836 3856 3863
1938 3019 3531 3729 3811 3838 3853 3864
1938 3019 3533 3730 3817 3827 3854 3865
1938 3019 3533 3732 3815 3829 3855 3862
1938 3020 3524 3733 3821 3829 3856 3862
1938 3020 3525 3731 3823 3838 3844 3864
1938 3020 3525 3735 3818 3827 3846 3874
1938 3020 3526 3725 3821 3837 3852 3864
1938 3020 3526 3737 3816 3827 3854 3865
1938 3020 3527 3729 3823 3838 3846 3862
1938 3020 3527 3733 3811 3827 3856 3871
1938 3020 3527 3737 3815 3829 3855 3862
1938 3020 3532 3731 3815 3828 3854 3865
1938 3021 3524 3734 3821 3834 3846 3865
1938 3021 3525 3732 3821 3829 3856 3861
1938 3021 3525 3734 3817 3827 3857 3864
1938 3021 3525 3734 3821 3829 3851 3864
1938 3021 3527 3725 3819 3834 3856 3863
1938 3021 3527 3730 3822 3827 3853 3865
1938 3021 3527 3730 3822 3829 3855 3861
1938 3021 3528 3725 3816 3836 3856 3863
1938 3021 3528 3725 3816 3838 3853 3864
1938 3021 3528 3730 3810 3836 3857 3863
1938 3021 3528 3731 3810 3836 3845 3874
1938 3022 3524 3731 3822 3837 3852 3874
1938 3022 3524 3733 3816 3840 3856 3871
1938 3022 3525 3732 3823 3833 3856 3871
1938 3022 3525 3737 3817 3833 3854 3874
1938 3022 3526 3733 3816 3840 3844 3864
1938 3022 3526 3735 3818 3828 3851 3865
1938 3022 3527 3729 3823 3834 3856 3871
1938 3022 3527 3730 3822 3835 3844 3865
1938 3022 3527 3733 3815 3840 3846 3862
1938 3022 3527 3733 3817 3828 3844 3874
1938 3022 3528 3731 3818 3828 3844 3874
1938 3022 3528 3735 3815 3829 3852 3864
1938 3022 3531 3730 3818 3833 3846 3865
1938 3023 3524 3733 3817 3838 3857 3870
1938 3023 3524 3733 3821 3834 3853 3874
1938 3023 3526 3732 3823 3833 3855 3870
1938 3023 3527 3734 3817 3827 3852 3865
1938 3024 3525 3735 3817 3836 3856 3869
1938 3024 3526 3733 3822 3833 3854 3870
1938 3024 3527 3730 3822 3837 3853 3869
1938 3024 3528 3734 3816 3835 3844 3864
1938 3024 3528 3734 3818 3833 3846 3862
