# MathCheck2 K10 one-factorizations, decoded and validated
# format: case<TAB>five_edges;...;five_edges
1	01,23,45,67,89;02,15,39,46,78;03,16,29,47,58;04,18,27,36,59;05,14,28,37,69;06,12,35,48,79;07,13,25,49,68;08,19,26,34,57;09,17,24,38,56
2	01,23,45,67,89;02,17,36,49,58;03,12,46,59,78;04,13,29,57,68;05,18,24,37,69;06,14,28,35,79;07,15,26,39,48;08,19,27,34,56;09,16,25,38,47
3	01,23,45,67,89;02,17,36,49,58;03,14,27,59,68;04,16,29,35,78;05,18,26,39,47;06,13,25,48,79;07,15,28,34,69;08,19,24,37,56;09,12,38,46,57
4	01,23,45,67,89;02,16,38,47,59;03,15,24,69,78;04,18,25,36,79;05,14,29,37,68;06,17,28,35,49;07,12,39,48,56;08,19,26,34,57;09,13,27,46,58
5	01,23,45,67,89;02,15,38,46,79;03,17,24,58,69;04,18,27,36,59;05,16,28,39,47;06,12,35,49,78;07,13,29,48,56;08,19,26,34,57;09,14,25,37,68
6	01,23,45,67,89;02,17,35,49,68;03,15,29,46,78;04,18,27,36,59;05,16,24,38,79;06,12,39,47,58;07,13,25,48,69;08,19,26,34,57;09,14,28,37,56
7	01,23,45,67,89;02,18,36,47,59;03,14,28,56,79;04,12,38,57,69;05,17,26,39,48;06,19,24,37,58;07,15,29,34,68;08,16,27,35,49;09,13,25,46,78
8	01,23,45,67,89;02,14,37,58,69;03,15,24,68,79;04,18,27,36,59;05,16,28,39,47;06,12,35,49,78;07,13,29,48,56;08,19,26,34,57;09,17,25,38,46
9	01,23,45,67,89;02,14,35,68,79;03,15,24,69,78;04,16,28,37,59;05,18,27,36,49;06,13,29,47,58;07,12,39,48,56;08,19,26,34,57;09,17,25,38,46
10	01,23,45,67,89;02,18,36,47,59;03,14,28,56,79;04,12,38,57,69;05,17,29,34,68;06,19,24,37,58;07,15,26,39,48;08,16,27,35,49;09,13,25,46,78
11	01,23,45,67,89;02,13,46,58,79;03,14,26,59,78;04,18,29,36,57;05,12,37,48,69;06,17,28,35,49;07,15,24,39,68;08,19,27,34,56;09,16,25,38,47
12	01,23,45,67,89;02,16,35,48,79;03,12,49,56,78;04,17,29,36,58;05,18,27,34,69;06,13,28,47,59;07,15,24,39,68;08,19,25,37,46;09,14,26,38,57
13	01,23,45,67,89;02,16,35,48,79;03,12,49,56,78;04,13,27,58,69;05,18,29,37,46;06,17,28,34,59;07,15,24,39,68;08,19,25,36,47;09,14,26,38,57
14	01,23,45,67,89;02,19,36,47,58;03,17,28,49,56;04,12,38,57,69;05,14,29,37,68;06,18,24,35,79;07,15,26,39,48;08,16,27,34,59;09,13,25,46,78
15	01,23,45,67,89;02,15,39,47,68;03,14,28,56,79;04,18,27,36,59;05,17,24,38,69;06,12,35,49,78;07,13,29,46,58;08,19,26,34,57;09,16,25,37,48
16	01,23,45,67,89;02,14,35,68,79;03,15,24,69,78;04,17,26,38,59;05,19,28,37,46;06,13,27,49,58;07,12,39,48,56;08,16,29,34,57;09,18,25,36,47
17	01,23,45,67,89;02,14,38,57,69;03,16,24,59,78;04,12,36,58,79;05,18,29,37,46;06,17,28,35,49;07,15,26,39,48;08,19,27,34,56;09,13,25,47,68
18	01,23,45,67,89;02,13,46,58,79;03,17,26,48,59;04,16,29,35,78;05,12,37,49,68;06,18,24,39,57;07,15,28,34,69;08,19,25,36,47;09,14,27,38,56
19	01,23,45,67,89;02,17,39,48,56;03,15,24,69,78;04,18,27,36,59;05,13,29,47,68;06,14,28,35,79;07,16,25,38,49;08,19,26,34,57;09,12,37,46,58
20	01,23,45,67,89;02,17,39,48,56;03,16,25,49,78;04,18,27,36,59;05,13,29,47,68;06,14,28,35,79;07,15,24,38,69;08,19,26,34,57;09,12,37,46,58
21	01,23,45,67,89;02,16,38,47,59;03,15,24,69,78;04,12,36,58,79;05,18,29,37,46;06,17,28,35,49;07,14,25,39,68;08,19,27,34,56;09,13,26,48,57
22	01,23,45,67,89;02,14,39,57,68;03,16,25,49,78;04,17,28,36,59;05,18,29,37,46;06,12,35,48,79;07,15,24,38,69;08,19,27,34,56;09,13,26,47,58
23	01,23,45,67,89;02,15,34,68,79;03,14,25,69,78;04,16,27,38,59;05,18,26,37,49;06,13,29,47,58;07,12,39,48,56;08,19,24,36,57;09,17,28,35,46
24	01,23,45,67,89;02,15,39,47,68;03,12,49,56,78;04,17,28,36,59;05,16,29,37,48;06,18,24,35,79;07,14,25,38,69;08,19,26,34,57;09,13,27,46,58
25	01,23,45,67,89;02,16,39,47,58;03,12,46,59,78;04,18,25,36,79;05,13,27,48,69;06,17,28,35,49;07,15,29,34,68;08,19,24,37,56;09,14,26,38,57
26	01,23,45,67,89;02,15,37,48,69;03,17,28,49,56;04,12,36,59,78;05,16,24,38,79;06,18,29,34,57;07,14,26,39,58;08,19,27,35,46;09,13,25,47,68
27	01,23,45,67,89;02,17,34,58,69;03,18,27,46,59;04,13,29,56,78;05,12,37,49,68;06,14,28,35,79;07,15,26,39,48;08,19,24,36,57;09,16,25,38,47
28	01,23,45,67,89;02,15,36,49,78;03,19,28,47,56;04,12,37,58,69;05,16,27,39,48;06,18,29,34,57;07,13,24,59,68;08,14,26,35,79;09,17,25,38,46
29	01,23,45,67,89;02,18,39,47,56;03,16,25,49,78;04,17,28,36,59;05,14,29,37,68;06,12,35,48,79;07,15,24,38,69;08,19,26,34,57;09,13,27,46,58
30	01,23,45,67,89;02,17,39,46,58;03,15,24,69,78;04,18,27,36,59;05,16,29,37,48;06,14,28,35,79;07,12,38,49,56;08,19,26,34,57;09,13,25,47,68
31	01,23,45,67,89;02,13,47,58,69;03,12,46,59,78;04,18,25,36,79;05,14,29,37,68;06,17,28,35,49;07,15,26,39,48;08,19,27,34,56;09,16,24,38,57
32	01,23,45,67,89;02,16,39,47,58;03,15,28,46,79;04,18,27,36,59;05,17,24,38,69;06,12,35,49,78;07,13,29,48,56;08,19,26,34,57;09,14,25,37,68
33	01,23,45,67,89;02,18,37,46,59;03,15,24,69,78;04,12,36,58,79;05,13,29,47,68;06,17,28,35,49;07,16,25,39,48;08,19,27,34,56;09,14,26,38,57
34	01,23,45,67,89;02,17,34,58,69;03,12,48,56,79;04,16,29,35,78;05,13,27,49,68;06,18,24,37,59;07,15,28,39,46;08,19,25,36,47;09,14,26,38,57
35	01,23,45,67,89;02,15,34,68,79;03,14,25,69,78;04,17,28,36,59;05,19,26,38,47;06,12,37,49,58;07,18,24,39,56;08,13,29,46,57;09,16,27,35,48
36	01,23,45,67,89;02,15,39,47,68;03,16,25,48,79;04,18,27,36,59;05,17,29,38,46;06,12,35,49,78;07,13,24,58,69;08,19,26,34,57;09,14,28,37,56
37	01,23,45,67,89;02,14,35,68,79;03,12,49,56,78;04,13,27,58,69;05,18,29,36,47;06,17,28,34,59;07,15,26,39,48;08,19,25,37,46;09,16,24,38,57
38	01,23,45,67,89;02,17,39,46,58;03,14,28,56,79;04,18,27,36,59;05,16,29,38,47;06,12,35,49,78;07,13,25,48,69;08,19,26,34,57;09,15,24,37,68
39	01,23,45,67,89;02,13,47,58,69;03,15,26,49,78;04,17,28,36,59;05,18,29,37,46;06,12,35,48,79;07,14,25,39,68;08,19,27,34,56;09,16,24,38,57
40	01,23,45,67,89;02,14,35,68,79;03,15,24,69,78;04,18,26,37,59;05,17,28,36,49;06,19,27,34,58;07,12,39,48,56;08,13,29,46,57;09,16,25,38,47
41	01,23,45,67,89;02,15,38,47,69;03,14,29,56,78;04,18,27,36,59;05,17,28,39,46;06,12,35,48,79;07,13,25,49,68;08,19,26,34,57;09,16,24,37,58
42	01,23,45,67,89;02,14,36,59,78;03,17,26,49,58;04,12,39,57,68;05,13,28,47,69;06,15,24,38,79;07,18,29,35,46;08,19,27,34,56;09,16,25,37,48
43	01,23,45,67,89;02,17,38,49,56;03,15,29,46,78;04,18,27,36,59;05,16,28,39,47;06,12,35,48,79;07,13,24,58,69;08,19,26,34,57;09,14,25,37,68
44	01,23,45,67,89;02,16,39,47,58;03,15,24,68,79;04,18,27,36,59;05,14,28,37,69;06,12,35,49,78;07,13,29,48,56;08,19,26,34,57;09,17,25,38,46
45	01,23,45,67,89;02,17,39,48,56;03,15,28,46,79;04,18,27,36,59;05,16,29,38,47;06,12,35,49,78;07,13,24,58,69;08,19,26,34,57;09,14,25,37,68
46	01,23,45,67,89;02,13,46,58,79;03,18,25,47,69;04,16,29,35,78;05,12,37,49,68;06,17,28,34,59;07,15,26,39,48;08,19,24,36,57;09,14,27,38,56
47	01,23,45,67,89;02,17,34,58,69;03,18,24,56,79;04,16,29,35,78;05,12,39,47,68;06,13,27,48,59;07,15,28,36,49;08,19,25,37,46;09,14,26,38,57
48	01,23,45,67,89;02,13,48,57,69;03,14,28,56,79;04,12,36,59,78;05,17,24,39,68;06,18,29,35,47;07,15,26,38,49;08,19,25,37,46;09,16,27,34,58
49	01,23,45,67,89;02,15,39,47,68;03,16,25,49,78;04,18,27,36,59;05,14,28,37,69;06,12,35,48,79;07,13,29,46,58;08,19,26,34,57;09,17,24,38,56
50	01,23,45,67,89;02,16,39,47,58;03,15,24,68,79;04,18,27,36,59;05,17,29,38,46;06,12,35,49,78;07,13,25,48,69;08,19,26,34,57;09,14,28,37,56
51	01,23,45,67,89;02,14,39,57,68;03,15,24,69,78;04,17,28,36,59;05,18,29,37,46;06,12,35,48,79;07,16,25,38,49;08,19,27,34,56;09,13,26,47,58
52	01,23,45,67,89;02,14,38,56,79;03,16,29,47,58;04,18,27,36,59;05,17,28,39,46;06,12,35,49,78;07,13,25,48,69;08,19,26,34,57;09,15,24,37,68
53	01,23,45,67,89;02,15,34,68,79;03,14,25,69,78;04,17,26,38,59;05,19,27,36,48;06,12,37,49,58;07,18,24,39,56;08,13,29,46,57;09,16,28,35,47
54	01,23,45,67,89;02,17,34,58,69;03,12,46,59,78;04,18,29,37,56;05,13,27,49,68;06,14,28,35,79;07,15,26,39,48;08,19,25,36,47;09,16,24,38,57
55	01,23,45,67,89;02,13,47,58,69;03,15,26,49,78;04,17,28,36,59;05,14,29,37,68;06,12,35,48,79;07,18,25,39,46;08,19,27,34,56;09,16,24,38,57
56	01,23,45,67,89;02,18,39,46,57;03,19,28,47,56;04,12,36,58,79;05,17,26,38,49;06,15,29,37,48;07,13,24,59,68;08,14,27,35,69;09,16,25,34,78
57	01,23,45,67,89;02,17,39,48,56;03,12,46,59,78;04,13,27,58,69;05,18,26,37,49;06,14,28,35,79;07,15,29,34,68;08,19,25,36,47;09,16,24,38,57
58	01,23,45,67,89;02,14,35,68,79;03,15,28,47,69;04,18,27,36,59;05,16,24,39,78;06,12,37,49,58;07,13,29,48,56;08,19,26,34,57;09,17,25,38,46
59	01,23,45,67,89;02,16,37,49,58;03,14,28,57,69;04,13,29,56,78;05,12,36,48,79;06,18,27,34,59;07,15,24,39,68;08,19,26,35,47;09,17,25,38,46
60	01,23,45,67,89;02,15,36,48,79;03,19,24,56,78;04,12,39,57,68;05,16,28,37,49;06,13,29,47,58;07,18,26,34,59;08,14,27,35,69;09,17,25,38,46
61	01,23,45,67,89;02,16,39,48,57;03,15,24,69,78;04,12,36,58,79;05,13,29,47,68;06,17,28,35,49;07,14,26,38,59;08,19,27,34,56;09,18,25,37,46
62	01,23,45,67,89;02,15,38,47,69;03,16,24,59,78;04,12,36,58,79;05,14,29,37,68;06,17,28,35,49;07,18,25,39,46;08,19,27,34,56;09,13,26,48,57
63	01,23,45,67,89;02,18,36,47,59;03,16,25,49,78;04,17,26,39,58;05,13,27,48,69;06,14,28,35,79;07,15,29,34,68;08,19,24,37,56;09,12,38,46,57
64	01,23,45,67,89;02,14,38,56,79;03,15,29,47,68;04,18,27,36,59;05,17,28,39,46;06,12,35,49,78;07,13,24,58,69;08,19,26,34,57;09,16,25,37,48
65	01,23,45,67,89;02,16,34,58,79;03,17,25,48,69;04,18,29,37,56;05,12,36,49,78;06,13,28,47,59;07,15,24,39,68;08,19,27,35,46;09,14,26,38,57
66	01,23,45,67,89;02,15,34,68,79;03,14,25,69,78;04,17,28,36,59;05,19,27,38,46;06,12,37,49,58;07,13,29,48,56;08,16,24,39,57;09,18,26,35,47
67	01,23,45,67,89;02,14,35,68,79;03,15,24,69,78;04,17,26,38,59;05,19,28,36,47;06,13,27,49,58;07,12,39,48,56;08,16,29,34,57;09,18,25,37,46
68	01,23,45,67,89;02,17,39,48,56;03,15,24,69,78;04,18,27,36,59;05,16,29,38,47;06,14,28,35,79;07,13,25,49,68;08,19,26,34,57;09,12,37,46,58
69	01,23,45,67,89;02,15,34,68,79;03,14,25,69,78;04,17,26,38,59;05,16,28,37,49;06,13,29,47,58;07,12,39,48,56;08,19,24,36,57;09,18,27,35,46
70	01,23,45,67,89;02,14,35,68,79;03,15,24,69,78;04,16,27,38,59;05,17,28,36,49;06,13,29,47,58;07,12,39,48,56;08,19,26,34,57;09,18,25,37,46
71	01,23,45,67,89;02,14,39,57,68;03,15,24,69,78;04,12,36,58,79;05,18,29,37,46;06,17,28,35,49;07,13,26,48,59;08,19,27,34,56;09,16,25,38,47
72	01,23,45,67,89;02,15,34,68,79;03,14,25,69,78;04,18,27,36,59;05,17,26,38,49;06,19,24,37,58;07,13,29,48,56;08,12,39,46,57;09,16,28,35,47
73	01,23,45,67,89;02,13,48,57,69;03,16,24,59,78;04,12,36,58,79;05,18,29,37,46;06,17,28,35,49;07,14,25,39,68;08,19,27,34,56;09,15,26,38,47
74	01,23,45,67,89;02,16,39,47,58;03,15,24,69,78;04,18,27,36,59;05,14,29,37,68;06,12,35,48,79;07,13,28,49,56;08,19,26,34,57;09,17,25,38,46
75	01,23,45,67,89;02,16,39,47,58;03,15,26,49,78;04,17,28,36,59;05,14,29,37,68;06,18,24,35,79;07,13,25,48,69;08,19,27,34,56;09,12,38,46,57
76	01,23,45,67,89;02,18,39,47,56;03,15,24,69,78;04,17,28,36,59;05,14,29,37,68;06,12,35,48,79;07,16,25,38,49;08,19,26,34,57;09,13,27,46,58
77	01,23,45,67,89;02,15,39,47,68;03,14,25,69,78;04,18,27,36,59;05,17,29,38,46;06,12,35,48,79;07,13,28,49,56;08,19,26,34,57;09,16,24,37,58
78	01,23,45,67,89;02,16,35,48,79;03,14,25,69,78;04,17,29,36,58;05,18,26,37,49;06,13,28,47,59;07,15,24,39,68;08,19,27,34,56;09,12,38,46,57
79	01,23,45,67,89;02,16,39,47,58;03,15,24,69,78;04,18,27,36,59;05,17,29,38,46;06,12,35,48,79;07,13,25,49,68;08,19,26,34,57;09,14,28,37,56
80	01,23,45,67,89;02,14,36,58,79;03,18,26,49,57;04,13,29,56,78;05,12,37,48,69;06,17,28,34,59;07,15,24,39,68;08,19,27,35,46;09,16,25,38,47
81	01,23,45,67,89;02,14,36,59,78;03,17,29,48,56;04,13,27,58,69;05,12,39,47,68;06,19,24,38,57;07,18,26,35,49;08,16,25,34,79;09,15,28,37,46
82	01,23,45,67,89;02,17,39,46,58;03,15,28,47,69;04,18,27,36,59;05,16,24,38,79;06,12,35,49,78;07,13,29,48,56;08,19,26,34,57;09,14,25,37,68
83	01,23,45,67,89;02,16,39,47,58;03,15,26,49,78;04,17,28,36,59;05,18,29,37,46;06,12,35,48,79;07,14,25,38,69;08,19,27,34,56;09,13,24,57,68
84	01,23,45,67,89;02,13,47,58,69;03,14,28,56,79;04,12,36,59,78;05,16,29,37,48;06,18,24,39,57;07,15,26,38,49;08,19,27,35,46;09,17,25,34,68
85	01,23,45,67,89;02,17,34,58,69;03,14,25,68,79;04,18,29,37,56;05,12,36,49,78;06,13,28,47,59;07,15,26,39,48;08,19,27,35,46;09,16,24,38,57
86	01,23,45,67,89;02,15,34,68,79;03,14,25,69,78;04,18,26,37,59;05,17,28,36,49;06,12,39,47,58;07,19,24,38,56;08,13,29,46,57;09,16,27,35,48
87	01,23,45,67,89;02,14,35,68,79;03,15,24,69,78;04,17,26,38,59;05,16,27,39,48;06,12,37,49,58;07,19,28,34,56;08,13,29,46,57;09,18,25,36,47
88	01,23,45,67,89;02,13,48,57,69;03,12,49,56,78;04,17,29,36,58;05,18,26,34,79;06,14,28,37,59;07,15,24,39,68;08,19,27,35,46;09,16,25,38,47
89	01,23,45,67,89;02,16,39,47,58;03,15,28,46,79;04,18,27,36,59;05,14,29,37,68;06,12,35,49,78;07,13,25,48,69;08,19,26,34,57;09,17,24,38,56
90	01,23,45,67,89;02,16,34,58,79;03,14,27,59,68;04,13,29,56,78;05,12,37,48,69;06,18,24,39,57;07,15,28,36,49;08,19,26,35,47;09,17,25,38,46
91	01,23,45,67,89;02,15,39,47,68;03,14,28,56,79;04,18,27,36,59;05,17,29,38,46;06,12,35,49,78;07,13,25,48,69;08,19,26,34,57;09,16,24,37,58
92	01,23,45,67,89;02,19,36,48,57;03,17,28,49,56;04,12,35,68,79;05,16,29,38,47;06,18,24,37,59;07,14,26,39,58;08,15,27,34,69;09,13,25,46,78
93	01,23,45,67,89;02,15,34,68,79;03,14,25,69,78;04,18,26,37,59;05,17,28,36,49;06,13,29,47,58;07,19,24,38,56;08,12,39,46,57;09,16,27,35,48
94	01,23,45,67,89;02,15,34,68,79;03,14,25,69,78;04,17,26,38,59;05,18,29,37,46;06,13,27,49,58;07,12,39,48,56;08,19,24,36,57;09,16,28,35,47
95	01,23,45,67,89;02,15,39,47,68;03,16,24,59,78;04,12,36,58,79;05,18,29,37,46;06,17,28,35,49;07,13,25,48,69;08,19,27,34,56;09,14,26,38,57
96	01,23,45,67,89;02,14,39,57,68;03,15,24,69,78;04,18,25,36,79;05,16,29,37,48;06,17,28,35,49;07,12,38,46,59;08,19,27,34,56;09,13,26,47,58
97	01,23,45,67,89;02,16,35,49,78;03,15,28,46,79;04,18,27,36,59;05,17,24,38,69;06,12,39,47,58;07,13,29,48,56;08,19,26,34,57;09,14,25,37,68
98	01,23,45,67,89;02,15,34,68,79;03,14,25,69,78;04,17,28,36,59;05,19,26,38,47;06,12,37,49,58;07,13,29,48,56;08,16,24,39,57;09,18,27,35,46
99	01,23,45,67,89;02,14,36,58,79;03,12,47,59,68;04,13,29,56,78;05,18,27,34,69;06,17,28,35,49;07,15,26,39,48;08,19,25,37,46;09,16,24,38,57
100	01,23,45,67,89;02,16,35,48,79;03,14,26,59,78;04,17,29,36,58;05,18,27,34,69;06,13,28,49,57;07,15,24,39,68;08,19,25,37,46;09,12,38,47,56
101	01,23,45,67,89;02,17,39,46,58;03,12,49,56,78;04,18,27,35,69;05,13,26,48,79;06,14,28,37,59;07,15,29,34,68;08,19,25,36,47;09,16,24,38,57
102	01,23,45,67,89;02,17,35,48,69;03,16,24,58,79;04,13,29,56,78;05,12,39,47,68;06,18,27,34,59;07,15,28,36,49;08,19,25,37,46;09,14,26,38,57
103	01,23,45,67,89;02,16,38,49,57;03,19,24,56,78;04,12,37,59,68;05,13,26,48,79;06,17,29,34,58;07,18,25,39,46;08,14,27,35,69;09,15,28,36,47
104	01,23,45,67,89;02,14,37,58,69;03,12,46,59,78;04,17,29,35,68;05,18,24,36,79;06,13,28,49,57;07,15,26,39,48;08,19,27,34,56;09,16,25,38,47
105	01,23,45,67,89;02,16,35,49,78;03,14,28,56,79;04,18,27,36,59;05,17,29,38,46;06,12,39,47,58;07,13,25,48,69;08,19,26,34,57;09,15,24,37,68
106	01,23,45,67,89;02,15,37,49,68;03,14,25,69,78;04,18,27,36,59;05,16,28,39,47;06,12,35,48,79;07,13,29,46,58;08,19,26,34,57;09,17,24,38,56
107	01,23,45,67,89;02,14,38,57,69;03,16,25,49,78;04,17,28,36,59;05,18,29,37,46;06,12,35,48,79;07,15,24,39,68;08,19,27,34,56;09,13,26,47,58
108	01,23,45,67,89;02,14,35,68,79;03,15,24,69,78;04,18,26,37,59;05,16,27,38,49;06,12,39,47,58;07,19,28,34,56;08,13,29,46,57;09,17,25,36,48
109	01,23,45,67,89;02,14,36,58,79;03,17,24,59,68;04,18,29,37,56;05,12,34,69,78;06,13,28,49,57;07,15,26,39,48;08,19,27,35,46;09,16,25,38,47
110	01,23,45,67,89;02,15,38,47,69;03,16,25,49,78;04,18,27,36,59;05,17,24,39,68;06,12,35,48,79;07,13,29,46,58;08,19,26,34,57;09,14,28,37,56
111	01,23,45,67,89;02,13,47,59,68;03,16,25,49,78;04,17,26,39,58;05,18,24,37,69;06,14,28,35,79;07,15,29,36,48;08,19,27,34,56;09,12,38,46,57
112	01,23,45,67,89;02,15,39,47,68;03,16,24,58,79;04,18,27,36,59;05,17,29,38,46;06,12,35,49,78;07,13,25,48,69;08,19,26,34,57;09,14,28,37,56
113	01,23,45,67,89;02,13,46,58,79;03,12,49,56,78;04,18,27,35,69;05,17,29,34,68;06,14,28,37,59;07,15,26,39,48;08,19,25,36,47;09,16,24,38,57
114	01,23,45,67,89;02,18,39,46,57;03,15,24,69,78;04,12,36,58,79;05,16,29,37,48;06,17,28,35,49;07,14,26,38,59;08,19,27,34,56;09,13,25,47,68
115	01,23,45,67,89;02,16,39,47,58;03,15,24,69,78;04,18,27,36,59;05,17,29,38,46;06,12,35,48,79;07,13,28,49,56;08,19,26,34,57;09,14,25,37,68
116	01,23,45,67,89;02,14,37,58,69;03,12,46,59,78;04,13,29,57,68;05,18,24,36,79;06,17,28,35,49;07,15,26,39,48;08,19,27,34,56;09,16,25,38,47
117	01,23,45,67,89;02,14,39,57,68;03,16,24,59,78;04,12,36,58,79;05,18,29,37,46;06,17,28,35,49;07,13,25,48,69;08,19,27,34,56;09,15,26,38,47
118	01,23,45,67,89;02,15,38,46,79;03,14,25,69,78;04,18,27,36,59;05,13,29,47,68;06,17,28,35,49;07,12,39,48,56;08,19,26,34,57;09,16,24,37,58
119	01,23,45,67,89;02,13,46,58,79;03,18,24,57,69;04,16,29,35,78;05,12,37,49,68;06,17,28,34,59;07,15,26,39,48;08,19,25,36,47;09,14,27,38,56
120	01,23,45,67,89;02,17,38,46,59;03,19,28,47,56;04,12,36,58,79;05,14,26,39,78;06,18,29,34,57;07,13,25,48,69;08,16,27,35,49;09,15,24,37,68
121	01,23,45,67,89;02,16,34,58,79;03,14,25,69,78;04,18,29,36,57;05,12,37,49,68;06,13,28,47,59;07,15,26,39,48;08,19,27,35,46;09,17,24,38,56
122	01,23,45,67,89;02,15,39,47,68;03,17,29,46,58;04,18,27,36,59;05,16,24,38,79;06,12,35,49,78;07,13,25,48,69;08,19,26,34,57;09,14,28,37,56
123	01,23,45,67,89;02,17,34,58,69;03,16,27,48,59;04,13,29,56,78;05,18,26,37,49;06,14,28,35,79;07,15,24,39,68;08,19,25,36,47;09,12,38,46,57
124	01,23,45,67,89;02,15,38,47,69;03,16,25,48,79;04,18,27,36,59;05,17,24,39,68;06,12,35,49,78;07,13,29,46,58;08,19,26,34,57;09,14,28,37,56
125	01,23,45,67,89;02,13,47,58,69;03,14,28,56,79;04,12,36,59,78;05,19,26,37,48;06,18,29,34,57;07,15,24,39,68;08,16,27,35,49;09,17,25,38,46
126	01,23,45,67,89;02,18,36,49,57;03,17,28,46,59;04,15,26,39,78;05,12,38,47,69;06,13,24,58,79;07,14,29,35,68;08,19,27,34,56;09,16,25,37,48
127	01,23,45,67,89;02,14,35,68,79;03,15,24,69,78;04,16,28,37,59;05,18,27,36,49;06,12,39,47,58;07,13,29,48,56;08,19,26,34,57;09,17,25,38,46
128	01,23,45,67,89;02,15,36,49,78;03,12,48,56,79;04,18,26,39,57;05,13,29,47,68;06,19,24,37,58;07,14,28,35,69;08,16,27,34,59;09,17,25,38,46
129	01,23,45,67,89;02,14,37,58,69;03,12,46,59,78;04,18,25,36,79;05,13,29,47,68;06,17,28,35,49;07,15,26,39,48;08,19,27,34,56;09,16,24,38,57
130	01,23,45,67,89;02,15,34,68,79;03,14,25,69,78;04,18,26,37,59;05,16,29,38,47;06,13,27,49,58;07,12,39,48,56;08,19,24,36,57;09,17,28,35,46
131	01,23,45,67,89;02,17,34,58,69;03,14,25,68,79;04,13,29,56,78;05,18,27,39,46;06,12,37,48,59;07,15,28,36,49;08,19,26,35,47;09,16,24,38,57
132	01,23,45,67,89;02,18,35,47,69;03,12,49,56,78;04,16,27,39,58;05,13,24,68,79;06,17,28,34,59;07,15,29,36,48;08,19,25,37,46;09,14,26,38,57
133	01,23,45,67,89;02,18,37,49,56;03,12,46,59,78;04,13,27,58,69;05,17,29,34,68;06,14,28,35,79;07,15,26,39,48;08,19,25,36,47;09,16,24,38,57
134	01,23,45,67,89;02,13,46,58,79;03,17,26,48,59;04,16,29,35,78;05,12,37,49,68;06,18,25,39,47;07,15,28,34,69;08,19,24,36,57;09,14,27,38,56
135	01,23,45,67,89;02,13,47,59,68;03,16,25,49,78;04,17,29,36,58;05,14,28,37,69;06,18,24,35,79;07,15,26,39,48;08,19,27,34,56;09,12,38,46,57
136	01,23,45,67,89;02,14,37,58,69;03,16,24,59,78;04,18,25,36,79;05,13,29,47,68;06,17,28,35,49;07,15,26,39,48;08,19,27,34,56;09,12,38,46,57
137	01,23,45,67,89;02,15,34,68,79;03,14,25,69,78;04,18,26,37,59;05,16,27,38,49;06,12,39,47,58;07,13,29,48,56;08,19,24,36,57;09,17,28,35,46
138	01,23,45,67,89;02,17,39,48,56;03,15,24,69,78;04,12,36,58,79;05,14,29,37,68;06,18,27,35,49;07,13,28,46,59;08,19,26,34,57;09,16,25,38,47
139	01,23,45,67,89;02,17,34,58,69;03,14,26,59,78;04,18,29,37,56;05,12,36,48,79;06,13,28,49,57;07,15,24,39,68;08,19,27,35,46;09,16,25,38,47
140	01,23,45,67,89;02,17,39,46,58;03,18,24,56,79;04,16,29,35,78;05,12,37,49,68;06,13,27,48,59;07,15,28,34,69;08,19,25,36,47;09,14,26,38,57
141	01,23,45,67,89;02,15,39,47,68;03,14,25,69,78;04,18,27,36,59;05,16,28,37,49;06,12,35,48,79;07,13,29,46,58;08,19,26,34,57;09,17,24,38,56
142	01,23,45,67,89;02,17,38,49,56;03,14,25,69,78;04,18,27,36,59;05,16,28,39,47;06,12,35,48,79;07,13,29,46,58;08,19,26,34,57;09,15,24,37,68
143	01,23,45,67,89;02,17,38,49,56;03,14,25,69,78;04,18,27,36,59;05,13,29,47,68;06,12,35,48,79;07,15,28,39,46;08,19,26,34,57;09,16,24,37,58
144	01,23,45,67,89;02,13,47,59,68;03,15,24,69,78;04,12,36,58,79;05,16,29,37,48;06,17,28,35,49;07,18,25,39,46;08,19,27,34,56;09,14,26,38,57
145	01,23,45,67,89;02,15,36,49,78;03,14,28,56,79;04,18,25,37,69;05,13,29,47,68;06,17,24,39,58;07,19,26,35,48;08,16,27,34,59;09,12,38,46,57
146	01,23,45,67,89;02,13,47,59,68;03,16,25,49,78;04,12,37,58,69;05,17,28,39,46;06,18,24,35,79;07,15,29,36,48;08,19,27,34,56;09,14,26,38,57
147	01,23,45,67,89;02,17,34,58,69;03,16,28,47,59;04,13,29,56,78;05,12,36,48,79;06,18,27,35,49;07,15,24,39,68;08,19,25,37,46;09,14,26,38,57
148	01,23,45,67,89;02,17,36,49,58;03,19,24,56,78;04,12,37,59,68;05,13,28,46,79;06,18,29,34,57;07,16,25,39,48;08,14,27,35,69;09,15,26,38,47
149	01,23,45,67,89;02,14,35,68,79;03,12,46,59,78;04,17,29,36,58;05,18,27,34,69;06,13,28,49,57;07,15,26,39,48;08,19,24,37,56;09,16,25,38,47
150	01,23,45,67,89;02,13,47,58,69;03,16,24,59,78;04,15,28,36,79;05,17,29,38,46;06,18,27,35,49;07,12,39,48,56;08,19,26,34,57;09,14,25,37,68
151	01,23,45,67,89;02,18,35,46,79;03,12,49,56,78;04,13,27,58,69;05,17,26,39,48;06,14,28,37,59;07,15,29,34,68;08,19,25,36,47;09,16,24,38,57
152	01,23,45,67,89;02,17,36,49,58;03,18,27,46,59;04,16,29,35,78;05,14,28,37,69;06,13,25,48,79;07,15,24,39,68;08,19,26,34,57;09,12,38,47,56
153	01,23,45,67,89;02,18,36,47,59;03,14,25,69,78;04,16,29,37,58;05,12,34,68,79;06,13,28,49,57;07,15,26,39,48;08,19,27,35,46;09,17,24,38,56
154	01,23,45,67,89;02,14,35,68,79;03,15,24,69,78;04,17,28,36,59;05,19,26,38,47;06,13,27,49,58;07,12,39,48,56;08,16,29,34,57;09,18,25,37,46
155	01,23,45,67,89;02,17,39,46,58;03,15,24,68,79;04,18,27,36,59;05,16,29,38,47;06,12,35,49,78;07,13,25,48,69;08,19,26,34,57;09,14,28,37,56
156	01,23,45,67,89;02,15,34,68,79;03,14,25,69,78;04,17,28,36,59;05,18,26,37,49;06,13,29,47,58;07,19,24,38,56;08,12,39,46,57;09,16,27,35,48
157	01,23,45,67,89;02,14,35,68,79;03,15,24,69,78;04,18,27,36,59;05,17,26,39,48;06,12,37,49,58;07,19,28,34,56;08,13,29,46,57;09,16,25,38,47
158	01,23,45,67,89;02,14,35,68,79;03,15,24,69,78;04,17,28,36,59;05,19,26,37,48;06,13,27,49,58;07,18,29,34,56;08,12,39,46,57;09,16,25,38,47
159	01,23,45,67,89;02,17,39,46,58;03,18,24,56,79;04,16,29,35,78;05,13,27,49,68;06,12,37,48,59;07,15,28,34,69;08,19,25,36,47;09,14,26,38,57
160	01,23,45,67,89;02,13,48,57,69;03,12,46,59,78;04,17,29,36,58;05,18,26,37,49;06,14,28,35,79;07,15,24,39,68;08,19,27,34,56;09,16,25,38,47
161	01,23,45,67,89;02,13,47,58,69;03,16,25,49,78;04,17,28,36,59;05,14,29,37,68;06,18,24,35,79;07,15,26,39,48;08,19,27,34,56;09,12,38,46,57
162	01,23,45,67,89;02,14,37,58,69;03,18,26,49,57;04,13,29,56,78;05,12,36,48,79;06,17,28,34,59;07,15,24,39,68;08,19,27,35,46;09,16,25,38,47
163	01,23,45,67,89;02,16,39,47,58;03,15,29,46,78;04,18,27,36,59;05,17,24,38,69;06,12,35,48,79;07,13,25,49,68;08,19,26,34,57;09,14,28,37,56
164	01,23,45,67,89;02,15,39,47,68;03,12,49,56,78;04,18,27,36,59;05,17,29,38,46;06,14,28,35,79;07,13,25,48,69;08,19,26,34,57;09,16,24,37,58
165	01,23,45,67,89;02,15,39,47,68;03,16,24,59,78;04,12,36,58,79;05,18,29,37,46;06,17,28,35,49;07,14,25,38,69;08,19,27,34,56;09,13,26,48,57
166	01,23,45,67,89;02,13,47,58,69;03,14,26,59,78;04,17,25,39,68;05,16,28,37,49;06,18,24,35,79;07,15,29,36,48;08,19,27,34,56;09,12,38,46,57
167	01,23,45,67,89;02,18,34,56,79;03,12,46,59,78;04,13,27,58,69;05,16,29,37,48;06,17,28,35,49;07,15,24,39,68;08,19,25,36,47;09,14,26,38,57
168	01,23,45,67,89;02,17,38,49,56;03,15,24,69,78;04,18,27,36,59;05,16,28,39,47;06,12,35,48,79;07,13,29,46,58;08,19,26,34,57;09,14,25,37,68
169	01,23,45,67,89;02,13,47,58,69;03,14,25,68,79;04,18,29,37,56;05,12,36,49,78;06,17,28,34,59;07,15,26,39,48;08,19,27,35,46;09,16,24,38,57
170	01,23,45,67,89;02,17,35,49,68;03,14,29,56,78;04,18,27,36,59;05,16,24,38,79;06,12,39,47,58;07,13,25,48,69;08,19,26,34,57;09,15,28,37,46
171	01,23,45,67,89;02,13,46,58,79;03,18,26,49,57;04,16,29,35,78;05,17,24,39,68;06,12,37,48,59;07,15,28,34,69;08,19,25,36,47;09,14,27,38,56
172	01,23,45,67,89;02,13,47,58,69;03,16,25,49,78;04,18,29,36,57;05,12,34,68,79;06,14,28,37,59;07,15,26,39,48;08,19,27,35,46;09,17,24,38,56
173	01,23,45,67,89;02,13,46,58,79;03,17,25,48,69;04,16,29,35,78;05,14,27,39,68;06,18,24,37,59;07,15,28,36,49;08,19,26,34,57;09,12,38,47,56
174	01,23,45,67,89;02,13,47,58,69;03,17,25,49,68;04,16,29,35,78;05,14,28,36,79;06,18,24,37,59;07,15,26,39,48;08,19,27,34,56;09,12,38,46,57
175	01,23,45,67,89;02,16,35,49,78;03,15,24,68,79;04,18,27,36,59;05,14,28,37,69;06,12,39,47,58;07,13,29,48,56;08,19,26,34,57;09,17,25,38,46
176	01,23,45,67,89;02,14,37,58,69;03,16,24,59,78;04,15,28,36,79;05,13,29,47,68;06,18,27,35,49;07,12,39,48,56;08,19,26,34,57;09,17,25,38,46
177	01,23,45,67,89;02,14,37,58,69;03,15,26,49,78;04,17,28,36,59;05,16,29,38,47;06,12,35,48,79;07,18,25,39,46;08,19,27,34,56;09,13,24,57,68
178	01,23,45,67,89;02,16,39,47,58;03,14,25,69,78;04,18,27,36,59;05,17,29,38,46;06,12,35,48,79;07,13,28,49,56;08,19,26,34,57;09,15,24,37,68
179	01,23,45,67,89;02,14,35,68,79;03,16,25,49,78;04,18,27,36,59;05,17,24,38,69;06,12,39,47,58;07,13,29,48,56;08,19,26,34,57;09,15,28,37,46
180	01,23,45,67,89;02,15,38,47,69;03,14,28,56,79;04,12,36,59,78;05,17,26,39,48;06,18,29,34,57;07,13,25,49,68;08,19,27,35,46;09,16,24,37,58
181	01,23,45,67,89;02,17,39,46,58;03,14,28,56,79;04,12,36,59,78;05,19,26,37,48;06,18,29,34,57;07,15,24,38,69;08,16,27,35,49;09,13,25,47,68
182	01,23,45,67,89;02,14,36,59,78;03,17,29,46,58;04,15,27,39,68;05,13,28,47,69;06,19,24,38,57;07,18,26,35,49;08,12,34,56,79;09,16,25,37,48
183	01,23,45,67,89;02,18,35,47,69;03,16,24,59,78;04,17,29,36,58;05,12,34,68,79;06,13,28,49,57;07,15,26,39,48;08,19,25,37,46;09,14,27,38,56
184	01,23,45,67,89;02,16,34,58,79;03,19,24,56,78;04,12,39,57,68;05,17,26,38,49;06,15,29,37,48;07,13,28,46,59;08,14,27,35,69;09,18,25,36,47
185	01,23,45,67,89;02,16,38,47,59;03,19,24,56,78;04,12,39,57,68;05,13,26,48,79;06,17,29,34,58;07,18,25,36,49;08,14,27,35,69;09,15,28,37,46
186	01,23,45,67,89;02,15,34,68,79;03,14,25,69,78;04,18,27,36,59;05,16,28,37,49;06,13,29,47,58;07,19,24,38,56;08,12,39,46,57;09,17,26,35,48
187	01,23,45,67,89;02,18,34,56,79;03,14,25,69,78;04,17,29,36,58;05,12,37,49,68;06,13,28,47,59;07,15,26,39,48;08,19,27,35,46;09,16,24,38,57
188	01,23,45,67,89;02,15,34,68,79;03,14,25,69,78;04,18,26,37,59;05,16,27,38,49;06,13,29,47,58;07,12,39,48,56;08,19,24,36,57;09,17,28,35,46
189	01,23,45,67,89;02,16,34,58,79;03,19,28,47,56;04,12,39,57,68;05,13,26,49,78;06,15,29,37,48;07,18,24,36,59;08,14,27,35,69;09,17,25,38,46
190	01,23,45,67,89;02,17,35,48,69;03,12,49,56,78;04,16,27,39,58;05,18,24,36,79;06,13,28,47,59;07,15,29,34,68;08,19,25,37,46;09,14,26,38,57
191	01,23,45,67,89;02,16,37,49,58;03,14,27,59,68;04,13,29,56,78;05,12,36,48,79;06,18,24,39,57;07,15,28,34,69;08,19,26,35,47;09,17,25,38,46
192	01,23,45,67,89;02,16,39,47,58;03,14,27,59,68;04,13,29,56,78;05,18,26,37,49;06,12,35,48,79;07,15,28,34,69;08,19,24,36,57;09,17,25,38,46
193	01,23,45,67,89;02,17,39,46,58;03,12,49,56,78;04,18,27,36,59;05,16,29,37,48;06,14,28,35,79;07,15,24,38,69;08,19,26,34,57;09,13,25,47,68
194	01,23,45,67,89;02,16,37,49,58;03,17,24,59,68;04,13,29,56,78;05,12,36,48,79;06,18,25,39,47;07,15,28,34,69;08,19,27,35,46;09,14,26,38,57
195	01,23,45,67,89;02,16,37,49,58;03,14,27,59,68;04,13,29,56,78;05,18,24,36,79;06,12,39,48,57;07,15,28,34,69;08,19,26,35,47;09,17,25,38,46
196	01,23,45,67,89;02,17,39,46,58;03,12,49,56,78;04,18,27,36,59;05,16,29,38,47;06,14,28,35,79;07,13,25,48,69;08,19,26,34,57;09,15,24,37,68
197	01,23,45,67,89;02,16,35,49,78;03,15,24,68,79;04,18,27,36,59;05,17,29,38,46;06,12,39,47,58;07,13,25,48,69;08,19,26,34,57;09,14,28,37,56
198	01,23,45,67,89;02,15,37,48,69;03,14,25,68,79;04,18,27,36,59;05,16,28,39,47;06,12,35,49,78;07,13,29,46,58;08,19,26,34,57;09,17,24,38,56
199	01,23,45,67,89;02,17,34,58,69;03,12,49,56,78;04,18,26,35,79;05,14,27,39,68;06,13,28,47,59;07,15,29,36,48;08,19,25,37,46;09,16,24,38,57
200	01,23,45,67,89;02,16,38,49,57;03,19,24,56,78;04,12,36,58,79;05,17,28,39,46;06,15,29,37,48;07,18,26,34,59;08,14,27,35,69;09,13,25,47,68
201	01,23,45,67,89;02,17,34,58,69;03,14,27,59,68;04,13,29,56,78;05,18,26,37,49;06,12,35,48,79;07,15,28,39,46;08,19,25,36,47;09,16,24,38,57
202	01,23,45,67,89;02,13,47,58,69;03,16,25,48,79;04,18,29,37,56;05,12,36,49,78;06,17,28,34,59;07,15,24,39,68;08,19,27,35,46;09,14,26,38,57
203	01,23,45,67,89;02,13,46,58,79;03,12,49,56,78;04,18,27,35,69;05,17,26,39,48;06,14,28,37,59;07,15,29,34,68;08,19,25,36,47;09,16,24,38,57
204	01,23,45,67,89;02,13,47,58,69;03,18,27,49,56;04,16,29,35,78;05,12,36,48,79;06,14,28,37,59;07,15,24,39,68;08,19,26,34,57;09,17,25,38,46
205	01,23,45,67,89;02,13,47,59,68;03,16,25,49,78;04,12,36,58,79;05,18,27,39,46;06,17,29,35,48;07,15,28,34,69;08,19,24,37,56;09,14,26,38,57
206	01,23,45,67,89;02,13,48,56,79;03,16,25,49,78;04,17,29,36,58;05,18,27,34,69;06,14,28,37,59;07,15,24,39,68;08,19,26,35,47;09,12,38,46,57
207	01,23,45,67,89;02,15,38,46,79;03,17,29,48,56;04,18,27,36,59;05,16,28,39,47;06,12,35,49,78;07,13,24,58,69;08,19,26,34,57;09,14,25,37,68
208	01,23,45,67,89;02,17,34,58,69;03,18,26,49,57;04,16,29,35,78;05,13,28,46,79;06,12,37,48,59;07,15,24,39,68;08,19,25,36,47;09,14,27,38,56
209	01,23,45,67,89;02,18,35,46,79;03,12,49,56,78;04,13,27,58,69;05,17,29,34,68;06,14,28,37,59;07,15,26,39,48;08,19,25,36,47;09,16,24,38,57
210	01,23,45,67,89;02,16,39,47,58;03,15,24,69,78;04,18,25,36,79;05,14,29,37,68;06,17,28,35,49;07,12,38,46,59;08,19,27,34,56;09,13,26,48,57
211	01,23,45,67,89;02,15,34,68,79;03,14,25,69,78;04,18,26,37,59;05,17,29,38,46;06,13,27,49,58;07,12,39,48,56;08,19,24,36,57;09,16,28,35,47
212	01,23,45,67,89;02,17,38,49,56;03,15,24,69,78;04,18,27,36,59;05,13,29,47,68;06,14,28,35,79;07,16,25,39,48;08,19,26,34,57;09,12,37,46,58
213	01,23,45,67,89;02,16,39,47,58;03,15,29,46,78;04,18,27,36,59;05,14,28,37,69;06,12,35,48,79;07,13,25,49,68;08,19,26,34,57;09,17,24,38,56
214	01,23,45,67,89;02,14,35,69,78;03,17,25,49,68;04,18,27,36,59;05,16,24,38,79;06,12,39,47,58;07,13,29,48,56;08,19,26,34,57;09,15,28,37,46
215	01,23,45,67,89;02,18,36,49,57;03,19,24,56,78;04,12,37,59,68;05,17,28,34,69;06,15,29,38,47;07,16,25,39,48;08,14,26,35,79;09,13,27,46,58
216	01,23,45,67,89;02,17,34,58,69;03,18,26,47,59;04,16,29,35,78;05,12,36,48,79;06,13,28,49,57;07,15,24,39,68;08,19,25,37,46;09,14,27,38,56
217	01,23,45,67,89;02,14,38,56,79;03,17,25,48,69;04,18,27,36,59;05,16,28,39,47;06,12,35,49,78;07,13,29,46,58;08,19,26,34,57;09,15,24,37,68
218	01,23,45,67,89;02,13,47,58,69;03,14,28,56,79;04,12,36,59,78;05,19,24,37,68;06,18,29,34,57;07,15,26,39,48;08,16,27,35,49;09,17,25,38,46
219	01,23,45,67,89;02,14,37,58,69;03,15,29,46,78;04,18,27,36,59;05,16,28,39,47;06,12,35,48,79;07,13,25,49,68;08,19,26,34,57;09,17,24,38,56
220	01,23,45,67,89;02,13,47,58,69;03,14,26,59,78;04,17,25,39,68;05,16,29,37,48;06,18,24,35,79;07,15,28,36,49;08,19,27,34,56;09,12,38,46,57
221	01,23,45,67,89;02,15,39,47,68;03,16,25,48,79;04,18,27,36,59;05,14,28,37,69;06,12,35,49,78;07,13,29,46,58;08,19,26,34,57;09,17,24,38,56
222	01,23,45,67,89;02,17,34,58,69;03,12,48,56,79;04,16,29,35,78;05,18,27,36,49;06,13,28,47,59;07,15,24,39,68;08,19,25,37,46;09,14,26,38,57
223	01,23,45,67,89;02,18,36,49,57;03,19,24,56,78;04,12,37,58,69;05,13,29,47,68;06,15,27,39,48;07,16,28,34,59;08,14,26,35,79;09,17,25,38,46
224	01,23,45,67,89;02,13,47,58,69;03,16,25,49,78;04,18,27,36,59;05,17,29,38,46;06,14,28,35,79;07,12,39,48,56;08,19,26,34,57;09,15,24,37,68
225	01,23,45,67,89;02,14,38,56,79;03,17,29,46,58;04,18,27,36,59;05,16,28,39,47;06,12,35,49,78;07,13,25,48,69;08,19,26,34,57;09,15,24,37,68
226	01,23,45,67,89;02,16,37,49,58;03,15,24,69,78;04,18,27,36,59;05,13,29,47,68;06,14,28,35,79;07,12,39,48,56;08,19,26,34,57;09,17,25,38,46
227	01,23,45,67,89;02,14,36,59,78;03,17,25,49,68;04,13,27,58,69;05,16,28,39,47;06,19,24,38,57;07,18,29,35,46;08,12,34,56,79;09,15,26,37,48
228	01,23,45,67,89;02,14,36,58,79;03,16,25,49,78;04,17,29,35,68;05,18,27,34,69;06,13,28,47,59;07,15,26,39,48;08,19,24,37,56;09,12,38,46,57
229	01,23,45,67,89;02,17,36,49,58;03,18,26,47,59;04,16,29,35,78;05,13,24,68,79;06,12,39,48,57;07,15,28,34,69;08,19,25,37,46;09,14,27,38,56
230	01,23,45,67,89;02,15,37,49,68;03,14,29,56,78;04,18,27,36,59;05,16,28,39,47;06,12,35,48,79;07,13,24,58,69;08,19,26,34,57;09,17,25,38,46
231	01,23,45,67,89;02,18,35,47,69;03,12,49,56,78;04,13,26,58,79;05,14,27,39,68;06,17,28,34,59;07,15,29,36,48;08,19,25,37,46;09,16,24,38,57
232	01,23,45,67,89;02,17,39,46,58;03,14,25,69,78;04,18,27,36,59;05,16,29,38,47;06,12,35,48,79;07,13,28,49,56;08,19,26,34,57;09,15,24,37,68
233	01,23,45,67,89;02,18,35,46,79;03,12,49,56,78;04,16,29,37,58;05,13,27,48,69;06,17,28,34,59;07,15,24,39,68;08,19,25,36,47;09,14,26,38,57
234	01,23,45,67,89;02,17,39,46,58;03,12,49,56,78;04,18,27,36,59;05,13,29,47,68;06,14,28,35,79;07,15,24,38,69;08,19,26,34,57;09,16,25,37,48
235	01,23,45,67,89;02,14,35,68,79;03,15,29,46,78;04,18,27,36,59;05,16,28,37,49;06,12,39,47,58;07,13,25,48,69;08,19,26,34,57;09,17,24,38,56
236	01,23,45,67,89;02,17,34,58,69;03,14,28,56,79;04,16,29,35,78;05,13,27,49,68;06,18,24,37,59;07,15,26,39,48;08,19,25,36,47;09,12,38,46,57
237	01,23,45,67,89;02,17,36,49,58;03,19,24,56,78;04,12,37,59,68;05,13,28,47,69;06,18,29,34,57;07,16,25,39,48;08,14,26,35,79;09,15,27,38,46
238	01,23,45,67,89;02,16,39,47,58;03,12,49,56,78;04,17,28,36,59;05,14,29,37,68;06,18,24,35,79;07,13,25,48,69;08,19,26,34,57;09,15,27,38,46
239	01,23,45,67,89;02,15,39,47,68;03,16,25,49,78;04,18,27,36,59;05,17,29,38,46;06,12,35,48,79;07,13,24,58,69;08,19,26,34,57;09,14,28,37,56
240	01,23,45,67,89;02,13,48,57,69;03,14,26,58,79;04,12,36,59,78;05,17,29,34,68;06,18,25,39,47;07,16,28,35,49;08,19,24,37,56;09,15,27,38,46
241	01,23,45,67,89;02,17,39,46,58;03,14,27,59,68;04,13,29,56,78;05,18,24,37,69;06,12,35,48,79;07,15,28,36,49;08,19,26,34,57;09,16,25,38,47
242	01,23,45,67,89;02,15,34,68,79;03,14,25,69,78;04,18,27,36,59;05,19,26,38,47;06,12,37,49,58;07,13,29,48,56;08,16,24,39,57;09,17,28,35,46
243	01,23,45,67,89;02,13,47,58,69;03,16,24,59,78;04,18,25,36,79;05,14,29,37,68;06,17,28,35,49;07,15,26,39,48;08,19,27,34,56;09,12,38,46,57
244	01,23,45,67,89;02,15,38,47,69;03,14,28,56,79;04,18,27,36,59;05,17,24,39,68;06,12,35,49,78;07,13,29,46,58;08,19,26,34,57;09,16,25,37,48
245	01,23,45,67,89;02,15,34,68,79;03,14,25,69,78;04,17,28,36,59;05,18,26,37,49;06,12,39,47,58;07,19,24,38,56;08,13,29,46,57;09,16,27,35,48
246	01,23,45,67,89;02,14,35,68,79;03,12,46,59,78;04,16,29,37,58;05,18,27,34,69;06,13,28,49,57;07,15,26,39,48;08,19,25,36,47;09,17,24,38,56
247	01,23,45,67,89;02,15,38,47,69;03,14,25,68,79;04,18,27,36,59;05,17,28,39,46;06,12,35,49,78;07,13,29,48,56;08,19,26,34,57;09,16,24,37,58
248	01,23,45,67,89;02,15,34,68,79;03,14,25,69,78;04,17,26,38,59;05,19,28,36,47;06,12,37,49,58;07,18,24,39,56;08,13,29,46,57;09,16,27,35,48
249	01,23,45,67,89;02,18,39,46,57;03,15,24,69,78;04,12,36,58,79;05,13,29,47,68;06,17,28,35,49;07,14,26,38,59;08,19,27,34,56;09,16,25,37,48
250	01,23,45,67,89;02,14,37,58,69;03,16,25,49,78;04,17,28,36,59;05,13,29,47,68;06,18,24,35,79;07,12,39,48,56;08,19,26,34,57;09,15,27,38,46
251	01,23,45,67,89;02,13,46,58,79;03,15,24,69,78;04,18,27,36,59;05,14,29,37,68;06,17,28,35,49;07,12,39,48,56;08,19,26,34,57;09,16,25,38,47
252	01,23,45,67,89;02,14,35,68,79;03,15,24,69,78;04,18,27,36,59;05,16,28,37,49;06,12,39,47,58;07,13,29,48,56;08,19,26,34,57;09,17,25,38,46
253	01,23,45,67,89;02,14,37,58,69;03,12,49,57,68;04,13,29,56,78;05,18,24,36,79;06,17,28,34,59;07,15,26,39,48;08,19,27,35,46;09,16,25,38,47
254	01,23,45,67,89;02,18,36,47,59;03,12,49,56,78;04,13,27,58,69;05,17,26,39,48;06,14,28,35,79;07,15,29,34,68;08,19,25,37,46;09,16,24,38,57
255	01,23,45,67,89;02,15,34,68,79;03,14,25,69,78;04,16,28,37,59;05,17,29,36,48;06,13,27,49,58;07,19,24,38,56;08,12,39,46,57;09,18,26,35,47
256	01,23,45,67,89;02,14,36,58,79;03,16,25,49,78;04,17,29,35,68;05,18,24,37,69;06,13,28,47,59;07,15,26,39,48;08,19,27,34,56;09,12,38,46,57
257	01,23,45,67,89;02,14,38,56,79;03,15,29,47,68;04,18,27,36,59;05,17,28,39,46;06,12,35,49,78;07,13,25,48,69;08,19,26,34,57;09,16,24,37,58
258	01,23,45,67,89;02,17,36,48,59;03,14,28,56,79;04,12,38,57,69;05,18,26,39,47;06,19,24,37,58;07,15,29,34,68;08,16,27,35,49;09,13,25,46,78
259	01,23,45,67,89;02,13,46,58,79;03,17,25,49,68;04,16,29,35,78;05,18,26,39,47;06,12,37,48,59;07,15,28,34,69;08,19,24,36,57;09,14,27,38,56
260	01,23,45,67,89;02,14,37,58,69;03,16,25,49,78;04,17,28,36,59;05,13,29,47,68;06,12,35,48,79;07,18,24,39,56;08,19,26,34,57;09,15,27,38,46
261	01,23,45,67,89;02,16,35,49,78;03,14,25,68,79;04,18,27,36,59;05,17,24,38,69;06,12,39,47,58;07,13,29,48,56;08,19,26,34,57;09,15,28,37,46
262	01,23,45,67,89;02,13,48,57,69;03,14,28,56,79;04,12,36,59,78;05,17,29,34,68;06,18,25,39,47;07,15,26,38,49;08,19,27,35,46;09,16,24,37,58
263	01,23,45,67,89;02,18,35,46,79;03,12,49,56,78;04,13,27,58,69;05,14,29,37,68;06,17,28,34,59;07,15,26,39,48;08,19,25,36,47;09,16,24,38,57
264	01,23,45,67,89;02,16,39,47,58;03,12,49,56,78;04,17,28,36,59;05,13,27,48,69;06,18,24,35,79;07,15,29,34,68;08,19,25,37,46;09,14,26,38,57
265	01,23,45,67,89;02,14,36,59,78;03,17,29,48,56;04,15,28,37,69;05,12,39,47,68;06,19,24,38,57;07,18,26,35,49;08,16,25,34,79;09,13,27,46,58
266	01,23,45,67,89;02,13,47,58,69;03,14,26,59,78;04,18,25,36,79;05,16,27,39,48;06,17,28,35,49;07,15,29,34,68;08,19,24,37,56;09,12,38,46,57
267	01,23,45,67,89;02,13,47,59,68;03,16,25,49,78;04,17,26,39,58;05,18,27,34,69;06,14,28,35,79;07,15,29,36,48;08,19,24,37,56;09,12,38,46,57
268	01,23,45,67,89;02,13,47,58,69;03,18,25,46,79;04,16,29,35,78;05,17,28,36,49;06,12,37,48,59;07,15,24,39,68;08,19,27,34,56;09,14,26,38,57
269	01,23,45,67,89;02,13,47,59,68;03,14,25,69,78;04,17,26,39,58;05,18,29,37,46;06,12,35,48,79;07,15,28,36,49;08,19,27,34,56;09,16,24,38,57
270	01,23,45,67,89;02,15,38,46,79;03,19,28,47,56;04,12,39,57,68;05,13,26,49,78;06,17,29,34,58;07,18,24,36,59;08,14,27,35,69;09,16,25,37,48
271	01,23,45,67,89;02,14,35,68,79;03,15,24,69,78;04,18,27,36,59;05,16,28,37,49;06,13,29,47,58;07,12,39,48,56;08,19,26,34,57;09,17,25,38,46
272	01,23,45,67,89;02,15,39,47,68;03,16,24,58,79;04,18,27,36,59;05,14,28,37,69;06,12,35,49,78;07,13,29,48,56;08,19,26,34,57;09,17,25,38,46
273	01,23,45,67,89;02,15,36,49,78;03,19,28,47,56;04,12,38,57,69;05,16,27,39,48;06,17,29,34,58;07,13,24,59,68;08,14,26,35,79;09,18,25,37,46
274	01,23,45,67,89;02,13,47,59,68;03,14,25,69,78;04,12,36,58,79;05,18,29,37,46;06,17,28,35,49;07,15,26,39,48;08,19,27,34,56;09,16,24,38,57
275	01,23,45,67,89;02,15,34,68,79;03,14,25,69,78;04,17,28,36,59;05,16,29,37,48;06,13,27,49,58;07,19,24,38,56;08,12,39,46,57;09,18,26,35,47
276	01,23,45,67,89;02,13,46,58,79;03,12,47,59,68;04,16,29,35,78;05,18,24,37,69;06,17,25,39,48;07,15,28,36,49;08,19,27,34,56;09,14,26,38,57
277	01,23,45,67,89;02,16,34,58,79;03,12,49,56,78;04,18,27,35,69;05,17,29,36,48;06,13,28,47,59;07,15,24,39,68;08,19,25,37,46;09,14,26,38,57
278	01,23,45,67,89;02,17,34,58,69;03,18,25,46,79;04,16,29,35,78;05,12,37,49,68;06,13,28,47,59;07,15,26,39,48;08,19,24,36,57;09,14,27,38,56
279	01,23,45,67,89;02,18,36,47,59;03,12,49,56,78;04,17,26,39,58;05,13,27,48,69;06,14,28,35,79;07,15,29,34,68;08,19,25,37,46;09,16,24,38,57
280	01,23,45,67,89;02,17,35,49,68;03,14,25,69,78;04,18,27,36,59;05,16,24,38,79;06,12,39,47,58;07,13,29,48,56;08,19,26,34,57;09,15,28,37,46
281	01,23,45,67,89;02,17,39,46,58;03,15,24,69,78;04,18,27,36,59;05,16,29,38,47;06,12,35,48,79;07,13,25,49,68;08,19,26,34,57;09,14,28,37,56
282	01,23,45,67,89;02,15,34,68,79;03,14,25,69,78;04,18,26,37,59;05,17,29,36,48;06,13,27,49,58;07,19,24,38,56;08,12,39,46,57;09,16,28,35,47
283	01,23,45,67,89;02,13,47,59,68;03,16,25,49,78;04,17,29,36,58;05,18,24,37,69;06,14,28,35,79;07,15,26,39,48;08,19,27,34,56;09,12,38,46,57
284	01,23,45,67,89;02,18,39,46,57;03,14,26,59,78;04,12,36,58,79;05,16,29,37,48;06,17,28,35,49;07,15,24,38,69;08,19,27,34,56;09,13,25,47,68
285	01,23,45,67,89;02,17,39,48,56;03,14,25,68,79;04,18,27,36,59;05,16,29,38,47;06,12,35,49,78;07,13,24,58,69;08,19,26,34,57;09,15,28,37,46
286	01,23,45,67,89;02,13,46,58,79;03,17,25,48,69;04,16,29,35,78;05,12,39,47,68;06,18,24,37,59;07,15,28,36,49;08,19,27,34,56;09,14,26,38,57
287	01,23,45,67,89;02,13,46,58,79;03,14,25,69,78;04,18,27,36,59;05,16,29,38,47;06,17,28,35,49;07,12,39,48,56;08,19,26,34,57;09,15,24,37,68
288	01,23,45,67,89;02,16,39,47,58;03,14,25,68,79;04,18,27,36,59;05,17,24,38,69;06,12,35,49,78;07,13,29,48,56;08,19,26,34,57;09,15,28,37,46
289	01,23,45,67,89;02,13,47,58,69;03,12,49,56,78;04,18,27,36,59;05,17,29,38,46;06,14,28,35,79;07,16,25,39,48;08,19,26,34,57;09,15,24,37,68
290	01,23,45,67,89;02,13,48,57,69;03,14,26,59,78;04,12,36,58,79;05,18,29,37,46;06,17,28,35,49;07,15,24,39,68;08,19,27,34,56;09,16,25,38,47
291	01,23,45,67,89;02,13,47,58,69;03,14,26,59,78;04,12,39,57,68;05,16,29,37,48;06,18,24,35,79;07,15,28,36,49;08,19,27,34,56;09,17,25,38,46
292	01,23,45,67,89;02,14,35,68,79;03,15,24,69,78;04,16,27,38,59;05,18,26,39,47;06,12,37,49,58;07,19,28,34,56;08,13,29,46,57;09,17,25,36,48
293	01,23,45,67,89;02,16,39,47,58;03,14,28,56,79;04,18,27,36,59;05,17,29,38,46;06,12,35,49,78;07,13,25,48,69;08,19,26,34,57;09,15,24,37,68
294	01,23,45,67,89;02,13,47,58,69;03,12,49,56,78;04,18,26,35,79;05,14,27,39,68;06,17,28,34,59;07,15,29,36,48;08,19,25,37,46;09,16,24,38,57
295	01,23,45,67,89;02,18,39,46,57;03,15,24,69,78;04,17,28,36,59;05,14,29,37,68;06,12,35,48,79;07,16,25,38,49;08,19,27,34,56;09,13,26,47,58
296	01,23,45,67,89;02,16,37,49,58;03,15,24,69,78;04,18,27,36,59;05,17,29,38,46;06,12,35,48,79;07,14,28,39,56;08,19,26,34,57;09,13,25,47,68
297	01,23,45,67,89;02,14,37,58,69;03,16,24,59,78;04,15,28,36,79;05,17,29,38,46;06,18,27,35,49;07,12,39,48,56;08,19,26,34,57;09,13,25,47,68
298	01,23,45,67,89;02,17,39,46,58;03,15,29,47,68;04,18,27,36,59;05,16,24,38,79;06,12,35,49,78;07,13,25,48,69;08,19,26,34,57;09,14,28,37,56
299	01,23,45,67,89;02,13,47,58,69;03,14,25,68,79;04,12,36,59,78;05,16,29,37,48;06,18,24,39,57;07,15,26,38,49;08,19,27,34,56;09,17,28,35,46
300	01,23,45,67,89;02,17,39,48,56;03,15,24,69,78;04,12,36,58,79;05,16,29,38,47;06,18,27,35,49;07,13,28,46,59;08,19,26,34,57;09,14,25,37,68
301	01,23,45,67,89;02,19,36,47,58;03,17,29,48,56;04,12,39,57,68;05,16,28,34,79;06,18,24,37,59;07,15,26,38,49;08,14,27,35,69;09,13,25,46,78
302	01,23,45,67,89;02,14,39,56,78;03,15,29,47,68;04,18,27,36,59;05,16,28,37,49;06,12,35,48,79;07,13,24,58,69;08,19,26,34,57;09,17,25,38,46
303	01,23,45,67,89;02,17,36,48,59;03,19,28,47,56;04,12,39,57,68;05,18,26,37,49;06,15,24,38,79;07,16,29,34,58;08,14,27,35,69;09,13,25,46,78
304	01,23,45,67,89;02,17,36,49,58;03,14,27,59,68;04,16,29,35,78;05,13,26,48,79;06,18,24,39,57;07,15,28,34,69;08,19,25,37,46;09,12,38,47,56
305	01,23,45,67,89;02,18,36,49,57;03,19,24,56,78;04,12,37,59,68;05,13,28,46,79;06,17,29,34,58;07,16,25,39,48;08,14,27,35,69;09,15,26,38,47
306	01,23,45,67,89;02,14,35,68,79;03,15,24,69,78;04,17,28,36,59;05,16,27,38,49;06,13,29,47,58;07,12,39,48,56;08,19,26,34,57;09,18,25,37,46
307	01,23,45,67,89;02,14,36,58,79;03,18,24,57,69;04,13,29,56,78;05,12,37,49,68;06,17,28,34,59;07,15,26,39,48;08,19,27,35,46;09,16,25,38,47
308	01,23,45,67,89;02,15,36,48,79;03,18,29,47,56;04,12,39,57,68;05,16,28,37,49;06,17,24,38,59;07,19,26,34,58;08,14,27,35,69;09,13,25,46,78
309	01,23,45,67,89;02,17,36,49,58;03,12,46,59,78;04,13,29,57,68;05,18,27,34,69;06,14,28,35,79;07,15,26,39,48;08,19,24,37,56;09,16,25,38,47
310	01,23,45,67,89;02,17,36,49,58;03,19,28,47,56;04,12,39,57,68;05,13,26,48,79;06,15,29,34,78;07,16,24,38,59;08,14,27,35,69;09,18,25,37,46
311	01,23,45,67,89;02,13,47,58,69;03,16,24,59,78;04,18,29,36,57;05,12,37,49,68;06,14,28,35,79;07,15,26,39,48;08,19,27,34,56;09,17,25,38,46
312	01,23,45,67,89;02,15,36,48,79;03,17,26,49,58;04,13,29,56,78;05,12,38,47,69;06,18,24,39,57;07,19,28,35,46;08,16,27,34,59;09,14,25,37,68
313	01,23,45,67,89;02,14,35,68,79;03,15,24,69,78;04,16,27,38,59;05,18,26,37,49;06,12,39,47,58;07,19,28,34,56;08,13,29,46,57;09,17,25,36,48
314	01,23,45,67,89;02,13,46,58,79;03,18,25,47,69;04,17,29,35,68;05,12,36,49,78;06,14,28,37,59;07,15,26,39,48;08,19,27,34,56;09,16,24,38,57
315	01,23,45,67,89;02,18,36,49,57;03,17,25,48,69;04,13,26,59,78;05,16,28,39,47;06,15,24,38,79;07,14,29,35,68;08,19,27,34,56;09,12,37,46,58
316	01,23,45,67,89;02,14,37,58,69;03,16,24,59,78;04,18,25,36,79;05,13,29,47,68;06,17,28,35,49;07,12,39,48,56;08,19,26,34,57;09,15,27,38,46
317	01,23,45,67,89;02,15,36,49,78;03,17,29,48,56;04,12,39,57,68;05,19,26,38,47;06,13,24,58,79;07,14,28,35,69;08,16,27,34,59;09,18,25,37,46
318	01,23,45,67,89;02,15,34,68,79;03,14,25,69,78;04,18,27,36,59;05,17,26,38,49;06,19,24,37,58;07,12,39,48,56;08,13,29,46,57;09,16,28,35,47
319	01,23,45,67,89;02,13,47,58,69;03,14,27,59,68;04,16,29,35,78;05,12,36,48,79;06,18,25,37,49;07,15,28,39,46;08,19,26,34,57;09,17,24,38,56
320	01,23,45,67,89;02,15,36,48,79;03,17,28,49,56;04,12,39,57,68;05,16,29,38,47;06,18,24,37,59;07,19,26,34,58;08,14,27,35,69;09,13,25,46,78
321	01,23,45,67,89;02,17,34,58,69;03,12,47,59,68;04,16,29,35,78;05,18,24,36,79;06,13,28,49,57;07,15,26,39,48;08,19,25,37,46;09,14,27,38,56
322	01,23,45,67,89;02,13,46,58,79;03,18,24,57,69;04,17,29,35,68;05,12,36,49,78;06,14,28,37,59;07,15,26,39,48;08,19,27,34,56;09,16,25,38,47
323	01,23,45,67,89;02,17,39,46,58;03,12,49,56,78;04,18,25,36,79;05,13,27,48,69;06,14,28,37,59;07,15,29,34,68;08,19,26,35,47;09,16,24,38,57
324	01,23,45,67,89;02,14,37,58,69;03,19,28,47,56;04,12,36,59,78;05,13,26,48,79;06,18,29,34,57;07,15,24,39,68;08,16,27,35,49;09,17,25,38,46
325	01,23,45,67,89;02,17,36,49,58;03,16,24,59,78;04,13,29,57,68;05,18,27,34,69;06,14,28,35,79;07,15,26,39,48;08,19,25,37,46;09,12,38,47,56
326	01,23,45,67,89;02,15,34,68,79;03,14,25,69,78;04,16,28,37,59;05,17,26,38,49;06,13,29,47,58;07,12,39,48,56;08,19,24,36,57;09,18,27,35,46
327	01,23,45,67,89;02,13,46,58,79;03,14,27,59,68;04,16,29,35,78;05,18,26,37,49;06,17,25,39,48;07,15,28,34,69;08,19,24,36,57;09,12,38,47,56
328	01,23,45,67,89;02,14,36,58,79;03,17,25,48,69;04,13,27,59,68;05,18,26,39,47;06,19,24,38,57;07,16,28,35,49;08,15,29,37,46;09,12,34,56,78
329	01,23,45,67,89;02,13,47,58,69;03,17,24,59,68;04,16,29,35,78;05,12,36,48,79;06,18,25,37,49;07,15,28,39,46;08,19,26,34,57;09,14,27,38,56
330	01,23,45,67,89;02,14,37,58,69;03,16,25,49,78;04,18,29,36,57;05,12,34,68,79;06,13,28,47,59;07,15,26,39,48;08,19,27,35,46;09,17,24,38,56
331	01,23,45,67,89;02,14,36,59,78;03,17,29,48,56;04,13,25,68,79;05,18,26,39,47;06,19,24,38,57;07,16,28,35,49;08,15,27,34,69;09,12,37,46,58
332	01,23,45,67,89;02,14,35,68,79;03,15,24,69,78;04,18,26,37,59;05,17,28,36,49;06,19,27,34,58;07,13,29,48,56;08,12,39,46,57;09,16,25,38,47
333	01,23,45,67,89;02,17,34,58,69;03,16,28,47,59;04,13,29,56,78;05,18,27,36,49;06,12,35,48,79;07,15,24,39,68;08,19,25,37,46;09,14,26,38,57
334	01,23,45,67,89;02,17,36,49,58;03,19,24,56,78;04,12,39,57,68;05,13,26,48,79;06,15,29,38,47;07,16,28,34,59;08,14,27,35,69;09,18,25,37,46
335	01,23,45,67,89;02,13,47,59,68;03,14,25,69,78;04,17,26,39,58;05,16,29,37,48;06,18,24,35,79;07,15,28,36,49;08,19,27,34,56;09,12,38,46,57
336	01,23,45,67,89;02,15,36,49,78;03,19,28,47,56;04,12,39,57,68;05,16,24,38,79;06,17,29,34,58;07,13,26,48,59;08,14,27,35,69;09,18,25,37,46
337	01,23,45,67,89;02,15,39,47,68;03,14,28,56,79;04,12,36,59,78;05,19,26,37,48;06,18,29,34,57;07,13,24,58,69;08,16,27,35,49;09,17,25,38,46
338	01,23,45,67,89;02,17,34,58,69;03,12,49,57,68;04,16,29,35,78;05,13,28,46,79;06,18,24,37,59;07,15,26,39,48;08,19,25,36,47;09,14,27,38,56
339	01,23,45,67,89;02,19,36,47,58;03,14,28,56,79;04,12,39,57,68;05,17,26,38,49;06,13,24,59,78;07,16,29,35,48;08,15,27,34,69;09,18,25,37,46
340	01,23,45,67,89;02,15,36,48,79;03,19,24,56,78;04,12,37,59,68;05,17,28,39,46;06,18,29,34,57;07,13,26,49,58;08,14,27,35,69;09,16,25,38,47
341	01,23,45,67,89;02,13,47,58,69;03,12,46,59,78;04,18,25,36,79;05,16,27,39,48;06,17,28,35,49;07,15,29,34,68;08,19,24,37,56;09,14,26,38,57
342	01,23,45,67,89;02,14,35,68,79;03,15,29,46,78;04,18,27,36,59;05,16,28,39,47;06,12,37,49,58;07,13,25,48,69;08,19,26,34,57;09,17,24,38,56
343	01,23,45,67,89;02,17,34,58,69;03,12,49,56,78;04,13,27,59,68;05,18,26,39,47;06,14,28,35,79;07,15,29,36,48;08,19,25,37,46;09,16,24,38,57
344	01,23,45,67,89;02,13,47,59,68;03,14,25,69,78;04,16,29,37,58;05,18,24,36,79;06,17,28,35,49;07,15,26,39,48;08,19,27,34,56;09,12,38,46,57
345	01,23,45,67,89;02,15,39,47,68;03,16,25,48,79;04,18,27,36,59;05,17,24,38,69;06,12,35,49,78;07,13,29,46,58;08,19,26,34,57;09,14,28,37,56
346	01,23,45,67,89;02,15,34,68,79;03,14,25,69,78;04,16,28,37,59;05,18,27,36,49;06,13,29,47,58;07,19,24,38,56;08,12,39,46,57;09,17,26,35,48
347	01,23,45,67,89;02,17,38,46,59;03,19,28,47,56;04,12,39,57,68;05,13,26,48,79;06,15,29,34,78;07,18,25,36,49;08,14,27,35,69;09,16,24,37,58
348	01,23,45,67,89;02,17,34,59,68;03,12,49,56,78;04,13,27,58,69;05,18,29,37,46;06,14,28,35,79;07,15,26,39,48;08,19,25,36,47;09,16,24,38,57
349	01,23,45,67,89;02,17,36,49,58;03,18,25,46,79;04,16,29,35,78;05,13,27,48,69;06,14,28,37,59;07,15,24,39,68;08,19,26,34,57;09,12,38,47,56
350	01,23,45,67,89;02,15,36,49,78;03,17,29,48,56;04,19,26,38,57;05,12,39,47,68;06,13,24,58,79;07,14,28,35,69;08,16,27,34,59;09,18,25,37,46
351	01,23,45,67,89;02,16,38,49,57;03,19,24,56,78;04,12,36,58,79;05,18,26,39,47;06,15,29,37,48;07,13,28,46,59;08,14,27,35,69;09,17,25,34,68
352	01,23,45,67,89;02,15,36,48,79;03,18,29,47,56;04,12,39,57,68;05,17,28,34,69;06,19,24,37,58;07,14,26,38,59;08,16,27,35,49;09,13,25,46,78
353	01,23,45,67,89;02,17,34,58,69;03,18,27,46,59;04,13,29,56,78;05,16,28,37,49;06,12,35,48,79;07,15,24,39,68;08,19,25,36,47;09,14,26,38,57
354	01,23,45,67,89;02,16,39,47,58;03,15,24,69,78;04,18,25,36,79;05,14,29,37,68;06,17,28,35,49;07,13,26,48,59;08,19,27,34,56;09,12,38,46,57
355	01,23,45,67,89;02,19,37,46,58;03,17,28,49,56;04,12,36,59,78;05,13,26,48,79;06,18,29,34,57;07,15,24,39,68;08,14,27,35,69;09,16,25,38,47
356	01,23,45,67,89;02,19,36,48,57;03,18,29,47,56;04,12,37,59,68;05,14,26,38,79;06,17,24,39,58;07,16,28,35,49;08,15,27,34,69;09,13,25,46,78
357	01,23,45,67,89;02,13,46,58,79;03,12,49,56,78;04,17,29,35,68;05,18,27,34,69;06,14,28,37,59;07,15,26,39,48;08,19,24,36,57;09,16,25,38,47
358	01,23,45,67,89;02,14,35,68,79;03,15,24,69,78;04,16,27,38,59;05,17,26,39,48;06,12,37,49,58;07,19,28,34,56;08,13,29,46,57;09,18,25,36,47
359	01,23,45,67,89;02,14,35,68,79;03,15,24,69,78;04,16,27,38,59;05,17,28,36,49;06,12,39,47,58;07,13,29,48,56;08,19,26,34,57;09,18,25,37,46
360	01,23,45,67,89;02,17,39,46,58;03,15,24,69,78;04,18,27,36,59;05,14,29,37,68;06,12,35,48,79;07,13,28,49,56;08,19,26,34,57;09,16,25,38,47
361	01,23,45,67,89;02,17,36,49,58;03,12,47,59,68;04,13,29,56,78;05,16,27,39,48;06,18,24,35,79;07,15,28,34,69;08,19,25,37,46;09,14,26,38,57
362	01,23,45,67,89;02,14,36,58,79;03,17,28,46,59;04,13,25,69,78;05,18,26,39,47;06,19,24,38,57;07,16,29,35,48;08,12,37,49,56;09,15,27,34,68
363	01,23,45,67,89;02,19,36,47,58;03,17,29,48,56;04,12,39,57,68;05,14,28,37,69;06,15,24,38,79;07,18,26,35,49;08,16,27,34,59;09,13,25,46,78
364	01,23,45,67,89;02,17,34,58,69;03,18,27,46,59;04,13,29,56,78;05,12,37,49,68;06,14,28,35,79;07,15,26,39,48;08,19,25,36,47;09,16,24,38,57
365	01,23,45,67,89;02,15,34,68,79;03,14,25,69,78;04,17,26,38,59;05,18,27,36,49;06,19,24,37,58;07,13,29,48,56;08,12,39,46,57;09,16,28,35,47
366	01,23,45,67,89;02,13,48,57,69;03,12,46,59,78;04,16,29,37,58;05,18,26,34,79;06,17,28,35,49;07,15,24,39,68;08,19,25,36,47;09,14,27,38,56
367	01,23,45,67,89;02,15,38,46,79;03,19,24,56,78;04,12,37,59,68;05,17,26,39,48;06,13,29,47,58;07,18,25,36,49;08,14,27,35,69;09,16,28,34,57
368	01,23,45,67,89;02,14,36,58,79;03,17,28,46,59;04,12,38,57,69;05,13,29,47,68;06,15,24,39,78;07,18,26,35,49;08,19,27,34,56;09,16,25,37,48
369	01,23,45,67,89;02,15,34,68,79;03,18,25,47,69;04,16,29,38,57;05,13,26,49,78;06,19,24,37,58;07,12,39,48,56;08,14,27,36,59;09,17,28,35,46
370	01,23,45,67,89;02,17,36,49,58;03,14,25,69,78;04,18,29,37,56;05,12,34,68,79;06,13,28,47,59;07,15,26,39,48;08,19,27,35,46;09,16,24,38,57
371	01,23,45,67,89;02,17,35,48,69;03,12,46,59,78;04,16,29,37,58;05,18,26,34,79;06,13,28,49,57;07,15,24,39,68;08,19,25,36,47;09,14,27,38,56
372	01,23,45,67,89;02,16,37,49,58;03,14,28,56,79;04,12,36,59,78;05,17,26,39,48;06,18,29,34,57;07,15,24,38,69;08,19,27,35,46;09,13,25,47,68
373	01,23,45,67,89;02,17,38,46,59;03,19,24,56,78;04,12,36,58,79;05,18,26,39,47;06,15,29,37,48;07,13,25,49,68;08,14,27,35,69;09,16,28,34,57
374	01,23,45,67,89;02,17,36,49,58;03,14,27,59,68;04,16,29,35,78;05,13,26,48,79;06,18,25,39,47;07,15,28,34,69;08,19,24,37,56;09,12,38,46,57
375	01,23,45,67,89;02,16,37,49,58;03,14,25,69,78;04,18,29,36,57;05,12,34,68,79;06,13,28,47,59;07,15,26,39,48;08,19,27,35,46;09,17,24,38,56
376	01,23,45,67,89;02,17,36,48,59;03,19,24,56,78;04,12,39,57,68;05,16,29,38,47;06,13,27,49,58;07,15,28,34,69;08,14,26,35,79;09,18,25,37,46
377	01,23,45,67,89;02,15,36,49,78;03,17,29,48,56;04,16,27,38,59;05,12,39,47,68;06,13,24,58,79;07,14,28,35,69;08,19,26,34,57;09,18,25,37,46
378	01,23,45,67,89;02,13,48,57,69;03,14,26,58,79;04,15,29,36,78;05,12,39,47,68;06,18,27,34,59;07,16,28,35,49;08,19,24,37,56;09,17,25,38,46
379	01,23,45,67,89;02,18,37,49,56;03,16,24,58,79;04,19,28,36,57;05,12,38,47,69;06,14,29,35,78;07,13,26,48,59;08,15,27,39,46;09,17,25,34,68
380	01,23,45,67,89;02,19,35,46,78;03,14,28,56,79;04,12,39,57,68;05,18,24,37,69;06,15,27,38,49;07,16,29,34,58;08,13,26,47,59;09,17,25,36,48
381	01,23,45,67,89;02,14,36,59,78;03,16,24,58,79;04,15,27,38,69;05,18,29,37,46;06,19,28,35,47;07,12,39,48,56;08,13,26,49,57;09,17,25,34,68
382	01,23,45,67,89;02,18,36,49,57;03,14,25,69,78;04,16,29,37,58;05,12,34,68,79;06,13,28,47,59;07,15,26,39,48;08,19,27,35,46;09,17,24,38,56
383	01,23,45,67,89;02,15,34,68,79;03,14,25,69,78;04,17,26,38,59;05,16,28,37,49;06,12,39,47,58;07,13,29,48,56;08,19,24,36,57;09,18,27,35,46
384	01,23,45,67,89;02,18,37,49,56;03,14,25,69,78;04,17,29,36,58;05,12,34,68,79;06,13,28,47,59;07,15,26,39,48;08,19,27,35,46;09,16,24,38,57
385	01,23,45,67,89;02,16,37,49,58;03,18,24,56,79;04,12,38,57,69;05,14,29,36,78;06,13,28,47,59;07,15,26,39,48;08,19,27,35,46;09,17,25,34,68
386	01,23,45,67,89;02,17,39,46,58;03,14,27,59,68;04,16,29,35,78;05,13,26,48,79;06,18,25,37,49;07,15,28,34,69;08,19,24,36,57;09,12,38,47,56
387	01,23,45,67,89;02,15,37,48,69;03,14,25,68,79;04,16,29,35,78;05,18,27,36,49;06,19,28,34,57;07,12,39,46,58;08,13,26,47,59;09,17,24,38,56
388	01,23,45,67,89;02,13,47,59,68;03,16,25,49,78;04,12,37,58,69;05,18,24,36,79;06,17,29,35,48;07,15,28,39,46;08,19,27,34,56;09,14,26,38,57
389	01,23,45,67,89;02,15,37,48,69;03,16,24,59,78;04,12,36,58,79;05,13,29,47,68;06,18,27,35,49;07,14,28,39,56;08,19,26,34,57;09,17,25,38,46
390	01,23,45,67,89;02,19,36,48,57;03,14,29,56,78;04,13,27,58,69;05,16,28,39,47;06,18,24,35,79;07,12,38,46,59;08,15,26,37,49;09,17,25,34,68
391	01,23,45,67,89;02,19,36,48,57;03,15,26,49,78;04,16,27,39,58;05,13,28,47,69;06,18,24,35,79;07,12,38,46,59;08,14,29,37,56;09,17,25,34,68
392	01,23,45,67,89;02,19,36,48,57;03,17,24,59,68;04,13,27,58,69;05,16,28,39,47;06,18,25,34,79;07,14,29,38,56;08,15,26,37,49;09,12,35,46,78
393	01,23,45,67,89;02,19,36,47,58;03,15,26,49,78;04,18,27,39,56;05,13,28,46,79;06,17,24,38,59;07,16,29,35,48;08,14,25,37,69;09,12,34,57,68
394	01,23,45,67,89;02,17,38,46,59;03,14,27,58,69;04,16,28,35,79;05,12,36,49,78;06,19,25,37,48;07,18,29,34,56;08,15,26,39,47;09,13,24,57,68
395	01,23,45,67,89;02,17,34,58,69;03,15,29,46,78;04,12,38,56,79;05,19,26,37,48;06,18,24,39,57;07,13,25,49,68;08,14,27,36,59;09,16,28,35,47
396	01,23,45,67,89;02,17,36,48,59;03,15,24,68,79;04,12,35,69,78;05,16,29,38,47;06,13,27,49,58;07,14,28,39,56;08,19,26,34,57;09,18,25,37,46
